0.00299	0
0.0031	0
0.00322	0
0.00334	0
0.00346	0
0.00358	0
0.00372	0
0.00385	0
0.00399	0
0.00414	0
0.00429	0
0.00445	0
0.00461	7767.8
0.00478	0
0.00496	5407.2
0.00514	9215
0.00533	3940
0.00552	3405
0.00572	2958.7
0.00593	2589.7
0.00615	4546.4
0.00637	8102.7
0.00661	3596.5
0.00685	4841.9
0.0071	12379
0.00736	7197.1
0.00763	7959.2
0.00791	12249
0.0082	10868
0.0085	12731
0.00881	12850
0.00914	15480
0.00947	20355
0.00982	19144
0.01018	17011
0.01055	20869
0.01094	18604
0.01134	23711
0.01175	22567
0.01218	15775
0.01263	21793
0.01309	24335
0.01357	23927
0.01407	21580
0.01459	14699
0.01512	24989
0.01567	25231
0.01625	20227
0.01684	21532
0.01746	19477
0.0181	21581
0.01876	19556
0.01945	16197
0.02016	13264
0.0209	17732
0.02167	16691
0.02246	14940
0.02329	14877
0.02414	13564
0.02502	11415
0.02594	15528
0.02689	19083
0.02788	15566
0.0289	13695
0.02996	15930
0.03105	15321
0.03219	16141
0.03337	16452
0.03459	17420
0.03586	17900
0.03717	18262
0.03854	18911
0.03995	20182
0.04141	20146
0.04293	22120
0.0445	21848
0.04613	22862
0.04782	22574
0.04958	23095
0.05139	23237
0.05327	23211
0.05523	22749
0.05725	23170
0.05935	22631
0.06152	21800
0.06378	21329
0.06611	20563
0.06854	19694
0.07105	19032
0.07365	18063
0.07635	17459
0.07915	16875
0.08205	16137
0.08505	15519
0.08817	14630
0.0914	14242
0.09475	12850
0.09822	11811
0.10182	11160
0.10555	10218
0.10942	9090.5
0.11343	8502
0.11758	7722.6
0.12189	6927.8
0.12636	6068
0.13098	5418.9
0.13578	4823.9
0.14076	4268.7
0.14592	3811.1
0.15126	3341.8
0.15681	3046.3
0.16255	2628.9
0.16851	2282.3
0.17468	2059.5
0.18108	1800.6
0.18772	1566.1
0.19459	1469.1
0.20172	1233.5
0.20911	1201.8
0.21678	1039.5
0.22472	954.94
0.23295	870.54
0.24149	820.45
0.25034	647.4
0.25951	648.61
0.26902	616.7
0.27887	498.42
0.28909	468.32
0.29968	408.55
0.31066	314.99
0.32205	306.86
0.33385	308.45
0.34608	207.6
0.35876	236.96
0.3719	166.1
0.38553	149.95
0.39966	134
0.4143	130.52
0.42948	142.56
0.44522	101.37
0.46153	95.99
0.47844	66.84
0.49597	69.17
0.51414	106.65
0.53298	73.18
0.54243	65.75
0.5829	52.05
0.62639	30.13
0.67313	21.41
0.72335	14.41
0.77732	9.86
0.83531	6.73
0.89764	4.81
0.96461	3.35
1.0366	2.99
1.1139	2.94
1.197	1.85
1.2863	1.81
1.3823	1.66
1.4854	1.25
1.5963	1.2
1.7154	1.12
1.8434	1.21
1.9809	0.95
2.1287	0.96
2.2875	0.78
2.4582	0.73
2.6416	0.73
2.8387	0.46
3.0505	0.32
3.278	0.33
3.5226	0.22
3.7855	0.15
4.0679	0.04
4.3714	0.06
4.6975	0.03
5.048	0.04
5.4246	0.05
5.8294	0.03
6.2643	0.04
6.7317	0.07
7.234	0.04
7.7737	0.01
8.3537	0.01
8.9769	0.02
9.6467	0.01
10.366	0.01
11.14	0.01
11.971	0.01
12.864	0.04
13.824	0.01
14.855	0
15.964	0
17.155	0
18.435	0
19.81	0
0.25	
