0.00299	0
0.0031	0
0.00322	0
0.00334	0
0.00346	0
0.00358	0
0.00372	0
0.00385	0
0.00399	0
0.00414	0
0.00429	0
0.00445	0
0.00461	7767.8
0.00478	0
0.00496	5407.2
0.00514	4607.8
0.00533	3940
0.00552	3405
0.00572	5917.9
0.00593	0
0.00615	6819.6
0.00637	2025.6
0.00661	7193.1
0.00685	1614.1
0.0071	4365.2
0.00736	3930.8
0.00763	3570.3
0.00791	4331.3
0.0082	1976
0.0085	8183.9
0.00881	1672.1
0.00914	6161.7
0.00947	9274.1
0.00982	7261.5
0.01018	9836
0.01055	12596
0.01094	10134
0.01134	9357.3
0.01175	11684
0.01218	10950
0.01263	7561.7
0.01309	5441.8
0.01357	7131.3
0.01407	5614.5
0.01459	5737.3
0.01512	7087.9
0.01567	5582.7
0.01625	5028.6
0.01684	4776.8
0.01746	6112.4
0.0181	4279.2
0.01876	5388.9
0.01945	4934.4
0.02016	4186.3
0.0209	3762.9
0.02167	3743.7
0.02246	4560.5
0.02329	3251.2
0.02414	4706.3
0.02502	4832.4
0.02594	5894.5
0.02689	4192.4
0.02788	3703
0.0289	4868.9
0.02996	3597.9
0.03105	4281.5
0.03219	4306.1
0.03337	4259.8
0.03459	4395.5
0.03586	4289.4
0.03717	4533.5
0.03854	4263.9
0.03995	4722.8
0.04141	4745.3
0.04293	5059.3
0.0445	5250.4
0.04613	5434.8
0.04782	5838.4
0.04958	6443.3
0.05139	6925.7
0.05327	7518.4
0.05523	8105.9
0.05725	8777
0.05935	9582
0.06152	10473
0.06378	11379
0.06611	12306
0.06854	13147
0.07105	14044
0.07365	14541
0.07635	15473
0.07915	16433
0.08205	17019
0.08505	17640
0.08817	18495
0.0914	18588
0.09475	19105
0.09822	19473
0.10182	20009
0.10555	20295
0.10942	20711
0.11343	21423
0.11758	21832
0.12189	21506
0.12636	21818
0.13098	22134
0.13578	22229
0.14076	22443
0.14592	22136
0.15126	21614
0.15681	20486
0.16255	19081
0.16851	17859
0.17468	16637
0.18108	15033
0.18772	13759
0.19459	12171
0.20172	10926
0.20911	9620.2
0.21678	8309
0.22472	6958.7
0.23295	5838.6
0.24149	4796.8
0.25034	4061.3
0.25951	3358.4
0.26902	2692.1
0.27887	2144
0.28909	1808.9
0.29968	1502.3
0.31066	1147.4
0.32205	911.3
0.33385	674.34
0.34608	518.69
0.35876	357.66
0.3719	300.21
0.38553	243.4
0.39966	226.61
0.4143	145.72
0.42948	112.04
0.44522	96.52
0.46153	70.54
0.47844	70.33
0.49597	61.03
0.51414	44.35
0.53298	51.95
0.54243	46.28
0.5829	36.52
0.62639	24.04
0.67313	16.89
0.72335	12.21
0.77732	8.58
0.83531	6.52
0.89764	5.09
0.96461	5.12
1.0366	5.49
1.1139	4.09
1.197	4.14
1.2863	3.61
1.3823	2.72
1.4854	2.27
1.5963	2.39
1.7154	2.35
1.8434	2.5
1.9809	1.7
2.1287	1.57
2.2875	1.33
2.4582	1.03
2.6416	0.54
2.8387	0.35
3.0505	0.24
3.278	0.15
3.5226	0.08
3.7855	0.07
4.0679	0.09
4.3714	0.06
4.6975	0.05
5.048	0
5.4246	0.03
5.8294	0.06
6.2643	0
6.7317	0.04
7.234	0
7.7737	0
8.3537	0.01
8.9769	0.01
9.6467	0.01
10.366	0.02
11.14	0.01
11.971	0
12.864	0
13.824	0.01
14.855	0
15.964	0
17.155	0
18.435	0
19.81	0
0.25	
