0.00299	0
0.0031	1.58E+05
0.00322	0.00E+00
0.00334	0
0.00346	55671
0.00358	0
0.00372	30486
0.00385	0
0.00399	0
0.00414	0
0.00429	11627
0.00445	9376.9
0.00461	0
0.00478	6458.2
0.00496	0
0.00514	4607.8
0.00533	0
0.00552	0
0.00572	5917.9
0.00593	0
0.00615	2273.2
0.00637	2025.6
0.00661	1798.4
0.00685	1614.1
0.0071	1455.1
0.00736	5241.2
0.00763	2380.1
0.00791	3248.4
0.0082	987.9
0.0085	1818.7
0.00881	836.05
0.00914	3080.9
0.00947	4280.4
0.00982	3300.8
0.01018	1229.5
0.01055	5725.5
0.01094	8000.6
0.01134	3997.1
0.01175	8418
0.01218	4386.2
0.01263	5364.7
0.01309	4664.3
0.01357	6196.1
0.01407	8921.9
0.01459	7639.1
0.01512	6828.9
0.01567	8483
0.01625	9438.2
0.01684	9158.3
0.01746	9334.3
0.0181	8589.3
0.01876	12428
0.01945	8992.3
0.02016	14805
0.0209	14146
0.02167	11881
0.02246	14921
0.02329	13286
0.02414	15428
0.02502	13896
0.02594	10577
0.02689	14611
0.02788	13724
0.0289	16380
0.02996	16483
0.03105	20549
0.03219	20131
0.03337	19295
0.03459	19461
0.03586	19374
0.03717	18819
0.03854	18626
0.03995	18344
0.04141	17930
0.04293	17530
0.0445	16744
0.04613	16175
0.04782	15559
0.04958	15014
0.05139	14342
0.05327	13878
0.05523	12822
0.05725	12091
0.05935	11442
0.06152	11081
0.06378	10294
0.06611	10029
0.06854	9649.5
0.07105	9035.1
0.07365	8752.3
0.07635	8509.2
0.07915	8474.6
0.08205	8355.9
0.08505	8295.3
0.08817	8180.5
0.0914	8095.7
0.09475	7964.6
0.09822	7936.6
0.10182	7588.8
0.10555	7499.6
0.10942	7046.4
0.11343	6975.1
0.11758	6743.6
0.12189	6442.5
0.12636	6234.3
0.13098	5733.4
0.13578	5594.2
0.14076	5305.5
0.14592	4947
0.15126	4777.1
0.15681	4732.3
0.16255	4708
0.16851	4516.9
0.17468	4226.2
0.18108	4060.8
0.18772	4048.2
0.19459	4139.1
0.20172	3978.2
0.20911	3820.2
0.21678	3918
0.22472	3855.8
0.23295	3501.4
0.24149	3766.4
0.25034	3763.5
0.25951	3634.7
0.26902	3795.9
0.27887	3595.9
0.28909	3759.7
0.29968	3606.4
0.31066	3403.4
0.32205	3284.1
0.33385	3245.7
0.34608	2947
0.35876	2954.7
0.3719	2578.5
0.38553	2550.3
0.39966	2122.9
0.4143	1979.4
0.42948	1776.5
0.44522	1517.1
0.46153	1363.7
0.47844	1152.2
0.49597	841.82
0.51414	736.75
0.53298	676.45
0.54243	618.49
0.5829	390.36
0.62639	277.11
0.67313	160.58
0.72335	84.72
0.77732	40.58
0.83531	20.4
0.89764	13.97
0.96461	8.38
1.0366	3.92
1.1139	3.31
1.197	2.91
1.2863	2.17
1.3823	1.98
1.4854	1.77
1.5963	1.98
1.7154	1.96
1.8434	1.96
1.9809	1.94
2.1287	1.72
2.2875	1.4
2.4582	1.06
2.6416	1.03
2.8387	0.68
3.0505	0.64
3.278	0.61
3.5226	0.36
3.7855	0.4
4.0679	0.33
4.3714	0.33
4.6975	0.33
5.048	0.35
5.4246	0.34
5.8294	0.32
6.2643	0.24
6.7317	0.27
7.234	0.18
7.7737	0.18
8.3537	0.19
8.9769	0.11
9.6467	0.1
10.366	0.15
11.14	0.06
11.971	0.09
12.864	0.08
13.824	0.05
14.855	0
15.964	0
17.155	0
18.435	0
19.81	0
0