0.00299	0
0.0031	1.58E+05
0.00322	0.00E+00
0.00334	0
0.00346	0
0.00358	0
0.00372	0
0.00385	0
0.00399	0
0.00414	0
0.00429	0
0.00445	0
0.00461	7767.8
0.00478	6458.2
0.00496	0
0.00514	11450
0.00533	5968.9
0.00552	6805
0.00572	2963.3
0.00593	5179
0.00615	2273.2
0.00637	0
0.00661	5395
0.00685	0
0.0071	4365.2
0.00736	7861.7
0.00763	2380.1
0.00791	3248.4
0.0082	3094.8
0.0085	4426.2
0.00881	4180.4
0.00914	2310.6
0.00947	6420.4
0.00982	7921.7
0.01018	9836
0.01055	7847.8
0.01094	6023.5
0.01134	7358.8
0.01175	6071.9
0.01218	6125.2
0.01263	8387.1
0.01309	9152.1
0.01357	7133.1
0.01407	5541
0.01459	5953.7
0.01512	3984
0.01567	5876.9
0.01625	6039.5
0.01684	6470.1
0.01746	2803.7
0.0181	6618.5
0.01876	6964.2
0.01945	5924.8
0.02016	4282.1
0.0209	6871.4
0.02167	4149.4
0.02246	5126.9
0.02329	4307.6
0.02414	4765
0.02502	4720.9
0.02594	4728.9
0.02689	4026.7
0.02788	5285.8
0.0289	3256.9
0.02996	3455.3
0.03105	2824.3
0.03219	2969.2
0.03337	2774.7
0.03459	2691.2
0.03586	2579.9
0.03717	2616.7
0.03854	2536.2
0.03995	2561.7
0.04141	2565.4
0.04293	2515.4
0.0445	2688.8
0.04613	2673.6
0.04782	2618.4
0.04958	2655.6
0.05139	2914.4
0.05327	2982.2
0.05523	3137.8
0.05725	3206.7
0.05935	3415.8
0.06152	3507.2
0.06378	3517.6
0.06611	3893.1
0.06854	3851.8
0.07105	3991.2
0.07365	4073.7
0.07635	4211.6
0.07915	4360.1
0.08205	4260.2
0.08505	4378.7
0.08817	4447.5
0.0914	4159.7
0.09475	4339.2
0.09822	4307.7
0.10182	4226.8
0.10555	4204
0.10942	4225.1
0.11343	4053.5
0.11758	4050.7
0.12189	4050.5
0.12636	3930.3
0.13098	3820.5
0.13578	3833.7
0.14076	3533
0.14592	3553.6
0.15126	3565
0.15681	3466.9
0.16255	3376.1
0.16851	3216.5
0.17468	3245.1
0.18108	3109.4
0.18772	3068
0.19459	3160.4
0.20172	3020.2
0.20911	2931.8
0.21678	2779.8
0.22472	2784.7
0.23295	2625.6
0.24149	2564.8
0.25034	2511
0.25951	2349.7
0.26902	2267.3
0.27887	2177.7
0.28909	2183.3
0.29968	1997.4
0.31066	1933.2
0.32205	1890.8
0.33385	1687
0.34608	1656.8
0.35876	1410
0.3719	1461.7
0.38553	1322.2
0.39966	1260.1
0.4143	1137.5
0.42948	1027.3
0.44522	849.52
0.46153	757.55
0.47844	663.67
0.49597	639.92
0.51414	562.83
0.53298	514.78
0.54243	474.46
0.5829	333.98
0.62639	246.23
0.67313	168.91
0.72335	112.09
0.77732	68.61
0.83531	38.04
0.89764	19.82
0.96461	12.29
1.0366	8.35
1.1139	4.52
1.197	2.67
1.2863	2.16
1.3823	1.55
1.4854	1.13
1.5963	1.1
1.7154	1.03
1.8434	1.04
1.9809	1.11
2.1287	1.08
2.2875	0.99
2.4582	0.82
2.6416	0.67
2.8387	0.56
3.0505	0.47
3.278	0.37
3.5226	0.32
3.7855	0.29
4.0679	0.2
4.3714	0.17
4.6975	0.16
5.048	0.12
5.4246	0.12
5.8294	0.14
6.2643	0.14
6.7317	0.14
7.234	0.12
7.7737	0.11
8.3537	0.09
8.9769	0.06
9.6467	0.06
10.366	0.05
11.14	0.06
11.971	0.07
12.864	0.05
13.824	0.03
14.855	0.03
15.964	0.05
17.155	0
18.435	0
19.81	0
0	
