0.00299	0
0.0031	0
0.00322	111697.31
0.00334	75689.96
0.00346	55671.13
0.00358	0
0.00372	0
0.00385	23617.24
0.00399	0
0.00414	72090.59
0.00429	23254.75
0.00445	56258.32
0.00461	7767.78
0.00478	12915.62
0.00496	21627.96
0.00514	16057.79
0.00533	9909.45
0.00552	13620.15
0.00572	17753.56
0.00593	12947.7
0.00615	20459.35
0.00637	22282.51
0.00661	14386.49
0.00685	29051.03
0.0071	20371.32
0.00736	20964.8
0.00763	29752.38
0.00791	29230.46
0.0082	25692.96
0.0085	29098.39
0.00881	20902.27
0.00914	18485.28
0.00947	20367.32
0.00982	14820.13
0.01018	17422.68
0.01055	18698.87
0.01094	25601.91
0.01134	20485.47
0.01175	16700.98
0.01218	19425.86
0.01263	17175.9
0.01309	18487.09
0.01357	10565.98
0.01407	16505.45
0.01459	19608.63
0.01512	18773.29
0.01567	14892.59
0.01625	18703.62
0.01684	12342.85
0.01746	16375.49
0.0181	17665.07
0.01876	13094.85
0.01945	14899.8
0.02016	15998.65
0.0209	15061.12
0.02167	13329.59
0.02246	16020.65
0.02329	16064.12
0.02414	15340.05
0.02502	14399.55
0.02594	16631.14
0.02689	18524.1
0.02788	11930.45
0.0289	17899.48
0.02996	19477.96
0.03105	17168.08
0.03219	17644.74
0.03337	17969.79
0.03459	18587.85
0.03586	19092.64
0.03717	19342.95
0.03854	20254.08
0.03995	20442.95
0.04141	21468.19
0.04293	21324.43
0.0445	22353.21
0.04613	22657.82
0.04782	23052.67
0.04958	23120.65
0.05139	23465.57
0.05327	22654.85
0.05523	22190.39
0.05725	22162.8
0.05935	21452.91
0.06152	20929.58
0.06378	19921.73
0.06611	19002.2
0.06854	17865.25
0.07105	16615.78
0.07365	15385.18
0.07635	14246.47
0.07915	12977.04
0.08205	12243.58
0.08505	11403.54
0.08817	10673.49
0.0914	10177.66
0.09475	9376.15
0.09822	8779.49
0.10182	8461.54
0.10555	7709.22
0.10942	7478.76
0.11343	6931.6
0.11758	6599.88
0.12189	5988.9
0.12636	5650.21
0.13098	5191.81
0.13578	4734.62
0.14076	4335.54
0.14592	4033.33
0.15126	3656.51
0.15681	3428.08
0.16255	3169.34
0.16851	2796.53
0.17468	2566.64
0.18108	2417.66
0.18772	2099.91
0.19459	1997.96
0.20172	1838.53
0.20911	1620.2
0.21678	1480.32
0.22472	1335.24
0.23295	1147.77
0.24149	1111.07
0.25034	1007.58
0.25951	849.24
0.26902	832.29
0.27887	704.12
0.28909	610.77
0.29968	536.75
0.31066	413.94
0.32205	450.58
0.33385	361.35
0.34608	331.47
0.35876	283.95
0.3719	221.01
0.38553	233.69
0.39966	158.29
0.4143	194.3
0.42948	156.92
0.44522	119.64
0.46153	115.73
0.47844	97.89
0.49597	115.84
0.51414	66.42
0.53298	80.78
0.54243	66.03
0.5829	50.05
0.62639	35.03
0.67313	25.91
0.72335	18.18
0.77732	12.89
0.83531	8.78
0.89764	5.53
0.96461	3.25
1.03658	2.51
1.11392	2.56
1.19703	1.81
1.28634	1.32
1.38231	1.29
1.48544	1.05
1.59627	0.87
1.71537	0.91
1.84335	0.85
1.98089	0.77
2.12868	0.72
2.2875	0.61
2.45817	0.59
2.64158	0.47
2.83866	0.37
3.05046	0.28
3.27805	0.17
3.52263	0.11
3.78545	0.1
4.06788	0.06
4.37139	0.05
4.69754	0.08
5.04802	0.04
5.42465	0.03
5.82938	0.07
6.26431	0.05
6.73169	0.05
7.23395	0.05
7.77367	0.03
8.35366	0.03
8.97693	0.02
9.6467	0.01
10.36644	0.01
11.13988	0.02
11.97103	0.03
12.86419	0.02
13.82398	0.01
14.85539	0.02
15.96375	0.03
17.15481	0.03
18.435	0
19.81	0
0.25
