0.00299	0
0.0031	0
0.00322	0.00E+00
0.00334	0
0.00346	0
0.00358	0
0.00372	0
0.00385	0
0.00399	18222
0.00414	0
0.00429	0
0.00445	9376.9
0.00461	0
0.00478	0
0.00496	0
0.00514	0
0.00533	3940
0.00552	0
0.00572	2958.7
0.00593	5179
0.00615	9092.9
0.00637	2025.6
0.00661	0
0.00685	0
0.0071	4365.2
0.00736	3930.8
0.00763	1190.2
0.00791	4331.3
0.0082	3094.8
0.0085	5335.6
0.00881	4180.4
0.00914	5391.6
0.00947	7526.2
0.00982	3597.8
0.01018	3485.9
0.01055	5914.2
0.01094	5333.8
0.01134	4996.5
0.01175	4074
0.01218	6267.2
0.01263	5364.7
0.01309	7773.8
0.01357	8799.8
0.01407	5194.5
0.01459	13420
0.01512	7161.7
0.01567	9050.2
0.01625	8147.9
0.01684	10184
0.01746	10309
0.0181	10923
0.01876	12472
0.01945	13839
0.02016	15922
0.0209	10487
0.02167	11795
0.02246	12199
0.02329	11595
0.02414	14950
0.02502	12866
0.02594	11290
0.02689	12943
0.02788	15163
0.0289	14862
0.02996	11574
0.03105	14722
0.03219	14755
0.03337	14672
0.03459	14440
0.03586	13964
0.03717	14033
0.03854	14189
0.03995	14113
0.04141	13863
0.04293	14335
0.0445	14009
0.04613	14499
0.04782	14301
0.04958	14593
0.05139	15388
0.05327	15828
0.05523	16651
0.05725	17278
0.05935	17726
0.06152	18923
0.06378	20067
0.06611	20842
0.06854	22026
0.07105	22407
0.07365	22770
0.07635	22474
0.07915	21927
0.08205	21104
0.08505	20503
0.08817	19414
0.0914	17854
0.09475	16748
0.09822	15627
0.10182	14726
0.10555	13502
0.10942	12490
0.11343	11774
0.11758	10654
0.12189	10113
0.12636	9299.2
0.13098	8822.2
0.13578	8160.7
0.14076	7397.5
0.14592	6946.4
0.15126	6316.6
0.15681	5850.5
0.16255	5013.2
0.16851	4775.4
0.17468	4301.5
0.18108	3881.1
0.18772	3571.5
0.19459	3171.6
0.20172	3003.4
0.20911	2714.1
0.21678	2385
0.22472	2177
0.23295	2008
0.24149	1742
0.25034	1714
0.25951	1543
0.26902	1341.6
0.27887	1177.2
0.28909	1038.1
0.29968	976.35
0.31066	800.63
0.32205	667.37
0.33385	626.72
0.34608	529.88
0.35876	433.69
0.3719	323.02
0.38553	302.75
0.39966	280.15
0.4143	213.62
0.42948	200.21
0.44522	150.26
0.46153	151.43
0.47844	109.08
0.49597	79.94
0.51414	72.65
0.53298	54.49
0.54243	60.62
0.5829	43.78
0.62639	0
0.67313	0
0.72335	0
0.77732	0
0.83531	0
0.89764	0
0.96461	0
1.0366	0
1.1139	0
1.197	0
1.2863	0
1.3823	0
1.4854	0
1.5963	0
1.7154	0
1.8434	0
1.9809	0
2.1287	0
2.2875	0
2.4582	0
2.6416	0
2.8387	0
3.0505	0
3.278	0
3.5226	0
3.7855	0
4.0679	0
4.3714	0
4.6975	0
5.048	0
5.4246	0
5.8294	0
6.2643	0
6.7317	0
7.234	0
7.7737	0
8.3537	0
8.9769	0
9.6467	0
10.366	0
11.14	0
11.971	0
12.864	0
13.824	0
14.855	0
15.964	0
17.155	0
18.435	0
19.81	0
0.25	
