0.00299	0
0.0031	0
0.00322	0
0.00334	0
0.00346	0
0.00358	0
0.00372	0
0.00385	23617.24
0.00399	18222.09
0.00414	14418.12
0.00429	777.19
0.00445	8749.71
0.00461	7767.78
0.00478	6458.22
0.00496	5407.17
0.00514	4607.81
0.00533	3939.96
0.00552	3405.04
0.00572	2958.7
0.00593	2589.71
0.00615	4546.44
0.00637	8102.7
0.00661	5394.97
0.00685	3227.82
0.0071	8730.44
0.00736	11792.77
0.00763	8330.73
0.00791	6491.04
0.0082	8897.33
0.0085	5690.23
0.00881	7309.47
0.00914	7702.17
0.00947	12127.69
0.00982	7669.54
0.01018	4537.98
0.01055	8588.33
0.01094	9067.37
0.01134	10492.66
0.01175	9083.31
0.01218	11515.2
0.01263	10863.07
0.01309	12826.87
0.01357	12631.23
0.01407	8848.43
0.01459	8899.68
0.01512	11751.63
0.01567	11705.16
0.01625	10555.64
0.01684	10981.49
0.01746	13180.53
0.0181	10728.87
0.01876	12538.52
0.01945	13541.14
0.02016	11500.85
0.0209	12867.64
0.02167	11758.27
0.02246	12577.01
0.02329	11380.05
0.02414	10050.69
0.02502	11126.74
0.02594	14148.84
0.02689	13241.38
0.02788	14162.2
0.0289	14972.1
0.02996	15232.2
0.03105	15835.15
0.03219	16264.03
0.03337	17116.65
0.03459	17466.36
0.03586	17068.53
0.03717	17585.04
0.03854	17560.55
0.03995	17641.2
0.04141	17409.74
0.04293	17494.76
0.0445	17200.07
0.04613	16600.25
0.04782	16107.72
0.04958	15365.37
0.05139	14461.14
0.05327	14019.49
0.05523	13467.33
0.05725	12894.33
0.05935	12395.82
0.06152	11452.48
0.06378	11018.8
0.06611	9964.09
0.06854	9425.45
0.07105	8565.35
0.07365	7851.26
0.07635	7265.91
0.07915	6508.69
0.08205	5902.29
0.08505	5296.58
0.08817	5089.26
0.0914	4778.03
0.09475	4572.76
0.09822	4212.94
0.10182	4320.98
0.10555	4094.68
0.10942	3953.85
0.11343	3956.87
0.11758	3805.73
0.12189	3719.46
0.12636	3667.26
0.13098	3391.97
0.13578	3370.68
0.14076	3359.97
0.14592	3193.79
0.15126	2972.59
0.15681	2719.15
0.16255	2585.3
0.16851	2424.29
0.17468	2204.19
0.18108	2168.45
0.18772	1990.24
0.19459	1735.11
0.20172	1691.37
0.20911	1525.61
0.21678	1483.67
0.22472	1328.84
0.23295	1084.55
0.24149	1022.75
0.25034	896.08
0.25951	768.8
0.26902	665.05
0.27887	594.3
0.28909	471.17
0.29968	440.76
0.31066	397.36
0.32205	309.5
0.33385	315.1
0.34608	204.12
0.35876	170.33
0.3719	127.77
0.38553	97.47
0.39966	127.67
0.4143	98.63
0.42948	85.74
0.44522	67.16
0.46153	69.8
0.47844	42.56
0.49597	36.64
0.51414	51.43
0.53298	31.15
0.54243	26.3
0.5829	20.22
0.62639	32.75
0.67313	22.9
0.72335	14.13
0.77732	8.4
0.83531	5
0.89764	3.03
0.96461	2.06
1.03658	1.89
1.11392	1.74
1.19703	1.31
1.28634	1.13
1.38231	1.1
1.48544	1.03
1.59627	0.85
1.71537	0.69
1.84335	0.68
1.98089	0.73
2.12868	0.61
2.2875	0.54
2.45817	0.51
2.64158	0.45
2.83866	0.34
3.05046	0.28
3.27805	0.22
3.52263	0.2
3.78545	0.12
4.06788	0.05
4.37139	0.03
4.69754	0.01
5.04802	0.02
5.42465	0.03
5.82938	0.04
6.26431	0.03
6.73169	0.03
7.23395	0.03
7.77367	0.03
8.35366	0.04
8.97693	0.03
9.6467	0.03
10.36644	0.03
11.13988	0.01
11.97103	0.01
12.86419	0.03
13.82398	0.02
14.85539	0.01
15.96375	0.01
17.15481	0.02
18.43473	0
19.81014	0
0.25
