0.00299	0.00E+00
0.0031	0.00E+00
0.00322	0.00E+00
0.00334	0.00E+00
0.00346	0.00E+00
0.00358	0.00E+00
0.00372	0.00E+00
0.00385	0.00E+00
0.00399	0.00E+00
0.00414	1.45E+04
0.00429	0.00E+00
0.00445	0.00E+00
0.00461	0.00E+00
0.00478	0.00E+00
0.00496	0.00E+00
0.00514	0.00E+00
0.00533	3.97E+03
0.00552	3.43E+03
0.00572	5.96E+03
0.00593	5.21E+03
0.00615	2.29E+03
0.00637	2.04E+03
0.00661	1.81E+03
0.00685	3.25E+03
0.0071	2.21E+03
0.00736	7.24E+03
0.00763	5.99E+03
0.00791	6.54E+03
0.0082	9.95E+02
0.0085	5.49E+03
0.00881	1.68E+03
0.00914	2.33E+03
0.00947	7.90E+03
0.00982	4.65E+03
0.0102	5.57E+03
0.0106	2.88E+03
0.0109	3.76E+03
0.0113	5.03E+03
0.0118	7.53E+03
0.0122	5.74E+03
0.0126	6.07E+03
0.0131	7.19E+03
0.0136	6.64E+03
0.0141	4.53E+03
0.0146	6.98E+03
0.0151	6.50E+03
0.0157	6.52E+03
0.0163	6.64E+03
0.0168	7.05E+03
0.0175	4.86E+03
0.0181	7.48E+03
0.0188	7.15E+03
0.0195	7.29E+03
0.0202	7.89E+03
0.0209	1.01E+04
0.0217	9.43E+03
0.0225	9.14E+03
0.0233	1.11E+04
0.0241	1.07E+04
0.025	1.07E+04
0.0259	1.22E+04
0.0269	1.46E+04
0.0279	1.45E+04
0.0289	1.77E+04
0.03	1.50E+04
0.0311	1.62E+04
0.0322	1.84E+04
0.0334	1.95E+04
0.0346	1.97E+04
0.0359	2.21E+04
0.0372	2.06E+04
0.0385	2.05E+04
0.04	2.30E+04
0.0414	2.26E+04
0.0429	2.36E+04
0.0445	2.50E+04
0.0461	2.16E+04
0.0478	2.53E+04
0.0496	2.65E+04
0.0514	2.24E+04
0.0533	2.34E+04
0.0552	2.00E+04
0.0573	2.09E+04
0.0594	2.09E+04
0.0615	1.80E+04
0.0638	1.76E+04
0.0661	1.77E+04
0.0685	1.68E+04
0.0711	1.86E+04
0.0737	1.82E+04
0.0764	1.70E+04
0.0792	1.92E+04
0.0821	0.00E+00
0.0851	0.00E+00
0.0882	0.00E+00
0.0914	0.00E+00
0.0948	0.00E+00
0.0982	0.00E+00
0.102	0.00E+00
0.106	0.00E+00
0.109	0.00E+00
0.113	0.00E+00
0.118	0.00E+00
0.122	0.00E+00
0.126	0.00E+00
0.131	0.00E+00
0.136	0.00E+00
0.141	0.00E+00
0.146	0.00E+00
0.151	0.00E+00
0.157	0.00E+00
0.163	0.00E+00
0.169	0.00E+00
0.175	0.00E+00
0.181	0.00E+00
0.188	0.00E+00
0.195	0.00E+00
0.202	0.00E+00
0.209	0.00E+00
0.217	0.00E+00
0.225	0.00E+00
0.233	0.00E+00
0.241	0.00E+00
0.25	0.00E+00
0.26	0.00E+00
0.269	0.00E+00
0.279	0.00E+00
0.289	0.00E+00
0.3	0.00E+00
0.311	0.00E+00
0.322	0.00E+00
0.334	0.00E+00
0.346	0.00E+00
0.359	0.00E+00
0.372	0.00E+00
0.386	0.00E+00
0.4	0.00E+00
0.414	0.00E+00
0.429	0.00E+00
0.445	0.00E+00
0.462	0.00E+00
0.478	0.00E+00
0.496	0.00E+00
0.514	0.00E+00
0.533	0.00E+00
0.542	0.00E+00
0.583	0.00E+00
0.626	0.00E+00
0.673	0.00E+00
0.723	0.00E+00
0.777   0
0.835   0
0.898   0
0.965   0
1.037   0
1.114   0
1.197   0
1.286   0
1.382   0
1.485   0
1.596   0
1.715   0
1.843   0
1.981   0
2.129   0
2.288   0
2.458   0
2.642   0
2.839   0
3.051   0
3.278   0
3.523   0
3.786   0
4.068   0
4.371   0
4.698   0
5.048   0
5.425   0
5.829   0
6.264   0
6.732   0
7.234   0
7.774   0
8.354   0
8.977   0
9.647   0
10.366  0
11.14   0
11.971  0
12.864  0
13.824  0
14.855  0
15.964  0
17.155  0
18.435  0
19.81   0
0.25

0.25
