0.00299	0
0.0031	0
0.00322	0
0.00334	0
0.00346	0
0.00358	0
0.00372	0
0.00385	0
0.00399	18200
0.00414	0
0.00429	0
0.00445	0
0.00461	0
0.00478	6070
0.00496	5730
0.00514	4610
0.00533	0
0.00552	0
0.00572	2960
0.00593	2590
0.00615	4550
0.00637	0
0.00661	0
0.00685	4840
0.0071	4370
0.00736	5240
0.00763	2380
0.00791	4330
0.0082	10900
0.0085	5460
0.00881	5020
0.00914	4570
0.00947	7180
0.00982	6600
0.0102	9020
0.0106	8200
0.0109	7850
0.0113	8630
0.0118	6410
0.0122	8320
0.0126	9880
0.0131	7740
0.0136	12600
0.0141	7970
0.0146	9170
0.0151	7450
0.0157	9410
0.0163	8660
0.0168	8060
0.0175	6220
0.0181	9580
0.0188	11400
0.0195	7790
0.0202	11400
0.0209	9030
0.0217	11100
0.0225	7430
0.0233	8730
0.0241	7990
0.025	8480
0.0259	8910
0.0269	9210
0.0279	9590
0.0289	8120
0.03	9960
0.0311	10300
0.0322	10600
0.0334	10800
0.0346	11300
0.0359	11400
0.0372	11500
0.0385	11400
0.04	11400
0.0414	11100
0.0429	10800
0.0445	10800
0.0461	9970
0.0478	9340
0.0496	8460
0.0514	8090
0.0533	7610
0.0552	6590
0.0573	6070
0.0594	5570
0.0615	4800
0.0638	4310
0.0661	3810
0.0685	3500
0.0711	3180
0.0737	3070
0.0764	2600
0.0792	2390
0.0821	2270
0.0851	2110
0.0882	1960
0.0914	1960
0.0948	1800
0.0982	1810
0.102	1710
0.106	1690
0.109	1680
0.113	1630
0.118	1670
0.122	1570
0.126	1610
0.131	1600
0.136	1530
0.141	1490
0.146	1480
0.151	1310
0.157	1350
0.163	1270
0.169	1330
0.175	1210
0.181	1160
0.188	1170
0.195	1170
0.202	1110
0.209	1000
0.217	881
0.225	792
0.233	791
0.241	709
0.25	642
0.26	575
0.269	504
0.279	489
0.289	378
0.3	342
0.311	250
0.322	255
0.334	210
0.346	169
0.359	146
0.372	97.4
0.386	99.5
0.4	90.8
0.414	74.6
0.429	57.1
0.445	56.8
0.462	26
0.478	37.2
0.496	26.4
0.514	22.8
0.533	11.5
0.542	9.29
0.583	3.62
0.626	0
0.673	0
0.723	0
0.777   0
0.835   0
0.898   0
0.965   0
1.037   0
1.114   0
1.197   0
1.286   0
1.382   0
1.485   0
1.596   0
1.715   0
1.843   0
1.981   0
2.129   0
2.288   0
2.458   0
2.642   0
2.839   0
3.051   0
3.278   0
3.523   0
3.786   0
4.068   0
4.371   0
4.698   0
5.048   0
5.425   0
5.829   0
6.264   0
6.732   0
7.234   0
7.774   0
8.354   0
8.977   0
9.647   0
10.366  0
11.14   0
11.971  0
12.864  0
13.824  0
14.855  0
15.964  0
17.155  0
18.435  0
19.81   0
0.0
