0.00299	0
0.0031	0
0.00322	0.00E+00
0.00334	0
0.00346	0
0.00358	0
0.00372	0
0.00385	0
0.00399	0
0.00414	0
0.00429	0
0.00445	18753
0.00461	0
0.00478	0
0.00496	5407.2
0.00514	9215
0.00533	15760
0.00552	3405
0.00572	8876.5
0.00593	5179
0.00615	4546.4
0.00637	8102.7
0.00661	10790
0.00685	6455.6
0.0071	8730.4
0.00736	15724
0.00763	10525
0.00791	12080
0.0082	10999
0.0085	13519
0.00881	7524.9
0.00914	13094
0.00947	6420.4
0.00982	14931
0.01018	12327
0.01055	8036.5
0.01094	11211
0.01134	7995.3
0.01175	8545.1
0.01218	7895.2
0.01263	11186
0.01309	11832
0.01357	11661
0.01407	9344.3
0.01459	7747.4
0.01512	5587.3
0.01567	7600.5
0.01625	6192.4
0.01684	5142
0.01746	6522.2
0.0181	5436
0.01876	4404.7
0.01945	4820.4
0.02016	3710.8
0.0209	3840.4
0.02167	4408.8
0.02246	3779.4
0.02329	5750.9
0.02414	4742.7
0.02502	5381.2
0.02594	6512.7
0.02689	6694.8
0.02788	6007.8
0.0289	5860.1
0.02996	7390.5
0.03105	9210.1
0.03219	9578.9
0.03337	10427
0.03459	11004
0.03586	11848
0.03717	12776
0.03854	13419
0.03995	14049
0.04141	14665
0.04293	14414
0.0445	14584
0.04613	13792
0.04782	13416
0.04958	12975
0.05139	11792
0.05327	10893
0.05523	10194
0.05725	9291.9
0.05935	8273.5
0.06152	7896.8
0.06378	7044.9
0.06611	6582.3
0.06854	6149.7
0.07105	5913.1
0.07365	5449.3
0.07635	5229.7
0.07915	4985
0.08205	4743.3
0.08505	4344.8
0.08817	4030.1
0.0914	4018.6
0.09475	3687.8
0.09822	3321.5
0.10182	2981
0.10555	2688.1
0.10942	2471.3
0.11343	2189.9
0.11758	1843.8
0.12189	1713
0.12636	1462.8
0.13098	1306.4
0.13578	1141.4
0.14076	1057.7
0.14592	845.88
0.15126	768.09
0.15681	704.87
0.16255	589.14
0.16851	513.17
0.17468	480.94
0.18108	444.83
0.18772	363.55
0.19459	323.73
0.20172	247.19
0.20911	261.59
0.21678	208.05
0.22472	208.19
0.23295	188.07
0.24149	128.7
0.25034	98.13
0.25951	97.84
0.26902	67.04
0.27887	82.58
0.28909	58.71
0.29968	53.96
0.31066	59.13
0.32205	46.99
0.33385	30.31
0.34608	31.57
0.35876	25.45
0.3719	22.28
0.38553	10.14
0.39966	14.78
0.4143	16.37
0.42948	14.89
0.44522	21.96
0.46153	6.12
0.47844	18.06
0.49597	8.24
0.51414	10.45
0.53298	8.55
0.54243	8.6
0.5829	10.11
0.62639	0
0.67313	0
0.72335	0
0.77732	0
0.83531	0
0.89764	0
0.96461	0
1.0366	0
1.1139	0
1.197	0
1.2863	0
1.3823	0
1.4854	0
1.5963	0
1.7154	0
1.8434	0
1.9809	0
2.1287	0
2.2875	0
2.4582	0
2.6416	0
2.8387	0
3.0505	0
3.278	0
3.5226	0
3.7855	0
4.0679	0
4.3714	0
4.6975	0
5.048	0
5.4246	0
5.8294	0
6.2643	0
6.7317	0
7.234	0
7.7737	0
8.3537	0
8.9769	0
9.6467	0
10.366	0
11.14	0
11.971	0
12.864	0
13.824	0
14.855	0
15.964	0
17.155	0
18.435	0
19.81	0
0.25