0.00299	0
0.0031	0
0.00322	1.12E+05
0.00334	0
0.00346	0
0.00358	0
0.00372	0
0.00385	0
0.00399	18222
0.00414	14418
0.00429	0
0.00445	18753
0.00461	15536
0.00478	6458.2
0.00496	16221
0.00514	18431
0.00533	15760
0.00552	10215
0.00572	8876.5
0.00593	10358
0.00615	0
0.00637	8102.7
0.00661	12588
0.00685	9683.8
0.0071	11662
0.00736	13084
0.00763	8330.7
0.00791	10828
0.0082	7903.9
0.0085	12731
0.00881	10033
0.00914	7702.2
0.00947	5778.6
0.00982	10244
0.01018	3923.3
0.01055	6298.1
0.01094	8534
0.01134	6723.1
0.01175	8204.9
0.01218	7456.5
0.01263	8509.8
0.01309	6366.3
0.01357	9533.2
0.01407	3463.1
0.01459	6873.7
0.01512	7457.2
0.01567	6171.1
0.01625	5933
0.01684	4979
0.01746	5048.7
0.0181	5293
0.01876	4819.8
0.01945	4846.8
0.02016	4104.3
0.0209	6175.7
0.02167	3506.7
0.02246	2915
0.02329	4020.5
0.02414	3752
0.02502	5319.7
0.02594	4287.6
0.02689	4431.5
0.02788	4456.8
0.0289	5388.1
0.02996	7690.1
0.03105	6826
0.03219	7561.5
0.03337	8182.9
0.03459	8585.3
0.03586	9414.6
0.03717	9844.4
0.03854	10359
0.03995	11180
0.04141	11568
0.04293	12106
0.0445	12730
0.04613	13334
0.04782	14078
0.04958	15339
0.05139	15876
0.05327	17013
0.05523	18344
0.05725	19693
0.05935	21086
0.06152	22415
0.06378	23520
0.06611	23711
0.06854	24046
0.07105	23467
0.07365	22766
0.07635	21434
0.07915	20129
0.08205	19139
0.08505	17788
0.08817	16484
0.0914	15161
0.09475	13947
0.09822	12498
0.10182	11277
0.10555	10256
0.10942	9024.5
0.11343	8078.4
0.11758	6941.8
0.12189	6288.9
0.12636	5419.8
0.13098	4965.9
0.13578	4246.2
0.14076	3824.5
0.14592	3352.8
0.15126	2961.6
0.15681	2768.4
0.16255	2529.1
0.16851	2384
0.17468	2175.9
0.18108	2052.3
0.18772	1730.2
0.19459	1640.2
0.20172	1515.5
0.20911	1301.4
0.21678	1234.2
0.22472	1118.8
0.23295	1121.2
0.24149	928.22
0.25034	749.84
0.25951	746.87
0.26902	672.34
0.27887	518.59
0.28909	428.72
0.29968	466.42
0.31066	373.07
0.32205	317.21
0.33385	250.05
0.34608	212.04
0.35876	176.77
0.3719	137.91
0.38553	163.25
0.39966	98.63
0.4143	97.47
0.42948	85.22
0.44522	62.72
0.46153	73.81
0.47844	42.56
0.49597	61.46
0.51414	31.47
0.53298	32
0.54243	30.91
0.5829	21.41
0.62639	20.7
0.67313	13.33
0.72335	8.76
0.77732	6.1
0.83531	4.21
0.89764	3.09
0.96461	2.45
1.0366	2.64
1.1139	2.56
1.197	1.81
1.2863	1.72
1.3823	1.71
1.4854	1.51
1.5963	1.21
1.7154	1.07
1.8434	1.09
1.9809	1.06
2.1287	1.04
2.2875	1.02
2.4582	1
2.6416	0.71
2.8387	0.44
3.0505	0.31
3.278	0.2
3.5226	0.15
3.7855	0.1
4.0679	0.07
4.3714	0.04
4.6975	0.06
5.048	0.05
5.4246	0.06
5.8294	0.07
6.2643	0.04
6.7317	0.05
7.234	0.06
7.7737	0.04
8.3537	0.05
8.9769	0.05
9.6467	0.05
10.366	0.06
11.14	0.04
11.971	0.05
12.864	0.05
13.824	0.02
14.855	0.01
15.964	0.02
17.155	0
18.435	0
19.81	0
0	
