0.00299	0
0.0031	0.00E+00
0.00322	0.00E+00
0.00334	0
0.00346	0
0.00358	0
0.00372	0
0.00385	0
0.00399	0
0.00414	7209.1
0.00429	0
0.00445	4688.5
0.00461	7767.8
0.00478	0
0.00496	2703.6
0.00514	0
0.00533	3940
0.00552	1702.5
0.00572	5917.6
0.00593	7768.7
0.00615	7619.4
0.00637	7390.1
0.00661	6294
0.00685	3747.8
0.0071	6079.2
0.00736	6997.9
0.00763	5545
0.00791	6494
0.0082	8400.6
0.0085	6819.9
0.00881	8778.9
0.00914	4801.2
0.00947	6254
0.00982	7009.4
0.01018	6997.1
0.01055	8218
0.01094	8005.8
0.01134	7745
0.01175	8279.1
0.01218	10136
0.01263	8721.6
0.01309	8342.3
0.01357	6847.9
0.01407	9714.2
0.01459	8377.6
0.01512	8983.5
0.01567	10262
0.01625	8297.6
0.01684	8345
0.01746	8579.9
0.0181	9925.4
0.01876	9733.9
0.01945	10233
0.02016	9189.1
0.0209	9789
0.02167	10157
0.02246	10936
0.02329	11033
0.02414	10739
0.02502	10798
0.02594	11013
0.02689	13085
0.02788	14211
0.0289	12639
0.02996	12623
0.03105	14068
0.03219	14824
0.03337	15558
0.03459	16571
0.03586	16669
0.03717	17361
0.03854	17900
0.03995	18323
0.04141	19004
0.04293	19315
0.0445	19322
0.04613	19425
0.04782	19514
0.04958	19118
0.05139	19055
0.05327	18515
0.05523	18098
0.05725	17048
0.05935	16228
0.06152	15493
0.06378	14554
0.06611	13614
0.06854	12950
0.07105	12105
0.07365	11467
0.07635	10947
0.07915	10337
0.08205	10213
0.08505	9796.5
0.08817	9443.1
0.0914	8963.6
0.09475	8746.2
0.09822	8334.1
0.10182	7989.6
0.10555	7535.3
0.10942	7188.8
0.11343	7012.8
0.11758	6517.6
0.12189	6188.4
0.12636	6087.4
0.13098	5766.4
0.13578	5407.4
0.14076	5144
0.14592	4867.3
0.15126	4531.6
0.15681	4299.4
0.16255	3866
0.16851	3585.3
0.17468	3351.5
0.18108	2978
0.18772	2704.7
0.19459	2405.1
0.20172	2094.3
0.20911	1878.8
0.21678	1670
0.22472	1413.8
0.23295	1335.3
0.24149	1137.7
0.25034	921.14
0.25951	907.44
0.26902	816.19
0.27887	670.27
0.28909	590.71
0.29968	516.63
0.31066	461.4
0.32205	416.53
0.33385	327.82
0.34608	295.78
0.35876	243.77
0.3719	195.25
0.38553	163.04
0.39966	123.28
0.4143	104.8
0.42948	106.71
0.44522	98.26
0.46153	61.99
0.47844	70.86
0.49597	53.22
0.51414	45.78
0.53298	44.88
0.54243	35.18
0.5829	37.08
0.62639	0
0.67313	0
0.72335	0
0.77732	0
0.83531	0
0.89764	0
0.96461	0
1.0366	0
1.1139	0
1.197	0
1.2863	0
1.3823	0
1.4854	0
1.5963	0
1.7154	0
1.8434	0
1.9809	0
2.1287	0
2.2875	0
2.4582	0
2.6416	0
2.8387	0
3.0505	0
3.278	0
3.5226	0
3.7855	0
4.0679	0
4.3714	0
4.6975	0
5.048	0
5.4246	0
5.8294	0
6.2643	0
6.7317	0
7.234	0
7.7737	0
8.3537	0
8.9769	0
9.6467	0
10.366	0
11.14	0
11.971	0
12.864	0
13.824	0
14.855	0
15.964	0
17.155	0
18.435	0
19.81	0
0	
