0	18.68	68.49	0	0.64
0.25	18.37	69.93	0	0.64
0.5	18.03	71.7	0	0.79
0.75	17.82	72	0	0.71
1	17.6	72.7	0	0.8
1.25	17.41	73.4	0	0.59
1.5	17.2	74.5	0	0.75
1.75	17.04	75.1	0	0.53
2	16.86	73.9	0	0.88
2.25	16.67	71.3	0	1.32
2.5	16.48	69.71	0	0.74
2.75	16.27	69.01	0	0.83
3	16.03	69.46	0	0.65
3.25	15.83	70	0	0.74
3.5	15.61	70.3	0	0.74
3.75	15.4	69.32	0	1.05
4	15.28	67.9	0	0.94
4.25	15	67.54	0	1.05
4.5	14.98	65.82	0	1.29
4.75	14.79	66.09	0	1.06
5	14.54	65.74	0	1.09
5.25	14.42	65.41	0	0.9
5.5	14.26	64.84	0.31	1.02
5.75	14.18	64.61	0.83	0.81
6	14.23	63.95	1.5	0.88
6.25	14.38	63.57	2.23	0.86
6.5	14.71	61.98	2.98	1.13
6.75	15.08	61.09	3.67	0.92
7	15.3	60.16	4.35	1.14
7.25	15.55	59.59	4.99	1.26
7.5	16.14	57.1	5.83	1.32
7.75	16.46	56.18	6.64	1.54
8	16.92	55.13	7.01	1.63
8.25	17.33	53.21	7.21	1.36
8.5	17.62	53.01	8.14	1.84
8.75	18.58	50.36	8.64	1.08
9	19.51	47.97	13.61	1.61
9.25	19.75	46.46	21.54	1.92
9.5	19.94	46.32	22.74	1.76
9.75	20.24	45.76	24.54	2.01
10	20.82	45.31	26.27	1.72
10.25	21.46	43.8	27.54	1.63
10.5	21.78	44.05	29.11	1.81
10.75	21.74	42.79	30.1	2.17
11	22.4	41.96	31	1.67
11.25	23.23	40.43	32.16	1.5
11.5	22.66	41.51	33.48	1.95
11.75	23.17	39.9	32.94	1.92
12	23.52	38.75	34.13	2.26
12.25	23.42	37.56	34.52	2.83
12.5	23.79	36.63	34.29	2.23
12.75	24.54	35.79	34.96	2.12
13	24.59	35.34	33.99	2.04
13.25	24.92	35.04	33.97	2.1
13.5	25.29	34.23	32.36	1.85
13.75	25.39	33.09	32.67	2.2
14	26.43	32.86	32.03	1.79
14.25	27.03	31.52	31	1.42
14.5	26.7	31.97	29.61	1.97
14.75	26.53	31.76	28.47	2.03
15	26.86	30.67	26.7	2.09
15.25	27.25	29.71	25.59	1.48
15.5	27.84	29.8	24.25	1.49
15.75	27.96	29.26	22.93	1.34
16	27.64	30.2	20.68	1.58
16.25	27.23	31.71	18.07	2.36
16.5	26.75	31.95	17.42	1.8
16.75	27.4	31.57	14.99	1.67
17	27.79	31.1	12.8	1.82
17.25	26.99	32.45	10.97	1.36
17.5	27.56	32.03	7.94	1.35
17.75	26.57	33.46	6.92	1.72
18	26.39	33.46	5.83	1.38
18.25	26.25	33.8	4.77	1.11
18.5	26.53	34.12	3.68	0.84
18.75	25.81	35	2.73	1.63
19	26.45	33.42	1.94	0.61
19.25	25.32	35.09	1.05	0.84
19.5	24.34	38.16	0.46	0.82
19.75	23.44	40.97	0.06	0.23
20	22.74	43.93	0	0.12
20.25	22.33	45.81	0	0.28
20.5	22.07	47.08	0	0.6
20.75	21.88	48.22	0	0.69
21	21.57	49.41	0	0.98
21.25	21.48	49.05	0	1.24
21.5	21.37	49.39	0	1.92
21.75	21.15	50.58	0	2.09
22	20.95	51.88	0	1.9
22.25	20.66	53.42	0	1.49
22.5	20.35	55.04	0	1.64
22.75	20.07	56.76	0	1.55
23	19.89	57.98	0	1.57
23.25	19.71	59.08	0	1.72
23.5	19.52	60.18	0	1.83
23.75	19.34	61.47	0	1.61
24	19.17	61.93	0	1.09
