0	15.89	62.23	0.00	1.26
0.166666667	15.72	62.87	0.00	1.39
0.333333333	15.55	63.53	0.00	1.38
0.5	15.40	64.04	0.00	1.31
0.666666667	15.35	64.26	0.00	1.54
0.833333333	15.29	64.59	0.00	1.44
1	15.28	64.45	0.00	1.38
1.166666667	15.03	65.59	0.00	1.23
1.333333333	15.05	65.34	0.00	1.40
1.5	14.79	66.47	0.00	1.20
1.666666667	14.85	65.96	0.00	1.39
1.833333333	14.82	66.14	0.00	1.65
2	14.69	66.74	0.00	1.60
2.166666667	14.68	66.65	0.00	1.57
2.333333333	14.52	67.33	0.00	1.45
2.5	14.40	67.87	0.00	1.08
2.666666667	14.14	69.03	0.00	1.00
2.833333333	14.03	69.70	0.00	0.66
3	13.80	70.60	0.00	0.84
3.166666667	13.67	71.30	0.00	0.78
3.333333333	13.47	72.30	0.00	0.70
3.5	13.26	73.30	0.00	0.95
3.666666667	13.16	73.90	0.00	0.53
3.833333333	12.95	74.90	0.00	0.79
4	12.91	74.80	0.00	1.05
4.166666667	12.81	75.00	0.00	0.16
4.333333333	12.57	76.00	0.00	0.39
4.5	12.37	77.10	0.00	0.60
4.666666667	12.31	77.30	0.00	0.50
4.833333333	12.30	77.30	0.00	0.47
5	12.14	78.00	0.00	0.58
5.166666667	12.08	78.10	0.00	0.45
5.333333333	12.00	78.70	0.00	0.58
5.5	11.88	79.10	0.00	0.54
5.666666667	11.66	80.20	0.00	0.29
5.833333333	11.54	81.20	0.00	0.31
6	11.65	81.40	0.00	0.61
6.166666667	11.63	81.60	0.06	0.36
6.333333333	11.55	82.50	0.22	0.47
6.5	11.58	82.50	0.62	0.24
6.666666667	11.61	82.50	1.04	0.21
6.833333333	11.70	82.00	1.58	0.17
7	12.00	80.70	2.12	0.79
7.166666667	12.26	79.60	2.73	0.89
7.333333333	12.48	78.30	3.28	0.92
7.5	12.79	77.00	3.81	0.63
7.666666667	13.10	75.70	4.22	0.85
7.833333333	13.47	73.50	4.79	1.12
8	13.67	72.70	6.97	1.01
8.166666667	14.23	70.50	8.46	0.63
8.333333333	15.39	65.13	8.66	0.68
8.5	15.92	62.66	11.03	0.70
8.666666667	16.11	62.35	12.33	0.92
8.833333333	16.90	59.04	13.57	0.95
9	17.20	56.92	14.72	1.22
9.166666667	17.34	55.72	16.05	1.21
9.333333333	18.13	53.77	17.33	1.05
9.5	18.17	51.52	18.57	1.38
9.666666667	18.33	48.46	19.79	1.61
9.833333333	18.44	47.42	21.03	1.92
10	18.65	43.37	22.09	1.61
10.16666667	19.31	40.39	23.34	1.56
10.33333333	19.44	40.31	24.28	1.59
10.5	19.89	36.95	25.28	1.64
10.66666667	20.18	34.31	26.27	1.62
10.83333333	20.82	34.45	27.04	1.32
11	20.66	35.62	27.76	1.16
11.16666667	20.47	35.86	28.56	2.64
11.33333333	20.33	35.98	29.26	1.56
11.5	20.39	36.36	29.79	1.90
11.66666667	21.21	34.77	30.25	1.65
11.83333333	21.26	34.71	30.45	1.55
12	21.24	35.90	30.70	1.84
12.16666667	21.33	36.41	30.90	1.90
12.33333333	21.51	35.09	30.91	1.57
12.5	21.96	33.74	30.85	1.44
12.66666667	22.48	32.76	30.68	1.71
12.83333333	23.61	30.53	30.49	1.51
13	23.49	30.64	30.09	1.62
13.16666667	21.78	32.03	29.76	2.61
13.33333333	22.20	31.71	29.33	2.17
13.5	22.59	30.50	28.86	1.87
13.66666667	22.82	30.53	28.46	1.85
13.83333333	23.13	30.35	27.88	2.47
14	22.72	30.12	27.36	3.25
14.16666667	22.54	30.07	26.67	2.23
14.33333333	23.02	29.15	25.73	1.79
14.5	23.07	29.57	24.81	1.78
14.66666667	23.67	29.16	23.74	2.00
14.83333333	23.33	28.80	22.77	1.66
15	23.68	28.18	21.61	1.78
15.16666667	24.48	26.80	20.61	1.85
15.33333333	24.86	26.12	19.59	1.94
15.5	24.16	27.44	18.49	1.39
15.66666667	25.22	26.00	17.29	1.40
15.83333333	24.55	26.97	16.05	1.84
16	25.20	25.85	14.83	1.53
16.16666667	25.21	25.44	13.63	1.48
16.33333333	24.31	26.99	12.50	1.75
16.5	23.91	27.43	9.49	1.61
16.66666667	24.03	27.54	9.44	1.33
16.83333333	24.15	27.17	8.91	1.84
17	23.68	27.98	7.81	2.23
17.16666667	24.07	27.10	6.72	1.23
17.33333333	24.71	26.04	5.63	1.16
17.5	24.25	27.35	4.63	1.40
17.66666667	23.78	28.04	3.77	1.83
17.83333333	23.43	29.14	2.96	1.52
18	23.57	28.54	2.26	1.13
18.16666667	23.53	28.66	1.65	1.13
18.33333333	23.18	29.42	1.08	1.18
18.5	22.69	30.08	0.65	1.30
18.66666667	22.26	30.94	0.27	1.13
18.83333333	21.67	32.32	0.10	0.90
19	21.42	32.40	0.00	0.99
19.16666667	21.42	32.32	0.00	0.84
19.33333333	21.13	33.04	0.00	0.62
19.5	20.96	33.51	0.00	0.69
19.66666667	20.89	33.81	0.00	0.85
19.83333333	20.80	34.41	0.00	0.83
20	20.41	35.99	0.00	1.02
20.16666667	20.11	37.12	0.00	1.19
20.33333333	20.04	37.39	0.00	1.19
20.5	19.90	37.84	0.00	0.70
20.66666667	19.51	39.27	0.00	0.46
20.83333333	19.23	40.67	0.00	1.11
21	18.86	41.74	0.00	1.14
21.16666667	19.05	40.92	0.00	1.17
21.33333333	19.06	41.19	0.00	1.00
21.5	18.64	44.61	0.00	0.90
21.66666667	17.82	50.41	0.00	0.62
21.83333333	17.44	52.71	0.00	0.41
22	17.53	52.48	0.00	0.55
22.16666667	17.44	53.18	0.00	0.45
22.33333333	17.00	55.36	0.00	0.32
22.5	16.66	56.81	0.00	0.51
22.66666667	16.51	57.19	0.00	1.00
22.83333333	16.40	57.90	0.00	1.00
23	16.20	58.36	0.00	0.60
23.16666667	16.26	59.71	0.00	0.47
23.33333333	15.89	61.25	0.00	0.82
23.5	15.59	63.80	0.00	0.50
23.66666667	15.45	65.77	0.00	0.38
23.83333333	15.33	66.10	0.00	0.41
24	15.33	66.10	0.00	0.41
