0	18.08	49.68	0	0
0.25	17.84	50.61	0	1.01
0.5	17.56	56.57	0	1.63
0.75	17.12	61.68	0	0.69
1	16.6	64.64	0	1.27
1.25	16.48	66.1	0	1.99
1.5	16.11	70	0	1.61
1.75	15.69	73.1	0	0.58
2	15.17	75.9	0	0.84
2.25	15.26	75	0	1.12
2.5	15.22	75.7	0	1.38
2.75	15.21	72.7	0	0.7
3	15.04	72.9	0	0.38
3.25	15.09	72.2	0	1.21
3.5	15.05	73.2	0	1.26
3.75	14.84	75.8	0	0.38
4	14.38	80.3	0	2.2
4.25	13.92	83	0	0.88
4.5	13.45	85.6	0	0.16
4.75	13.53	86	0	0.51
5	13.53	86.4	0	0.82
5.25	13.6	85.1	0.31	1.62
5.5	13.6	84.6	0.8	0.88
5.75	13.6	84.7	1.4	0.55
6	13.35	86	2.04	0.06
6.25	13.67	84.5	2.8	0.02
6.5	14.7	79.1	4.11	0.11
6.75	15.38	75.1	4.9	1.7
7	15.97	73.8	4.98	1.97
7.25	16.68	69.38	5.3	1.9
7.5	17.59	66.37	5.87	2.14
7.75	18.1	64.26	6.55	1.34
8	18.77	61.89	6.89	2.01
8.25	19.42	57.94	7.61	2.49
8.5	20.5	56.27	7.93	2.08
8.75	21.51	52.02	8.58	1.72
9	21.78	51.14	16.99	2.02
9.25	22.44	48.51	23.3	1.9
9.5	22.69	47.21	24.99	2.39
9.75	23.15	44.49	26.37	2.44
10	23.49	43.15	27.66	2.03
10.25	23.9	42.41	28.74	2.3
10.5	24.31	41.77	30.16	1.83
10.75	24.55	40.98	30.93	2.16
11	24.61	39.91	31.94	2.35
11.25	25.09	38.83	32.35	1.77
11.5	25.23	37.02	33.03	2.16
11.75	25.1	37.53	33.36	2.54
12	24.99	38.58	33.58	3.16
12.25	25.44	37.38	34.33	2.81
12.5	25.35	37.17	34.44	3.27
12.75	25.73	36.98	34.11	2.4
13	25.68	35.39	33.77	3.39
13.25	25.58	34.64	32.54	3.73
13.5	25.9	35.86	32.79	3.05
13.75	26.36	34.12	31.92	2.84
14	26.49	33.77	31	3.3
14.25	26.69	34.11	30.44	3.03
14.5	27.14	33.43	24.9	2.47
14.75	26.43	35.99	14.1	2.06
15	26.1	36.78	13.08	2.32
15.25	26.1	37.11	12.57	2.57
15.5	26.1	38.29	12.47	2.31
15.75	26.64	38	16.55	2.32
16	26.6	38.06	19.02	2.92
16.25	26.96	36.85	17.61	2.83
16.5	27.19	36.84	14.91	2.86
16.75	26.57	35.22	9.02	2.73
17	26.1	35.85	5.15	2.83
17.25	25.76	37.15	1.79	2.59
17.5	25.32	39.54	0.9	2.14
17.75	24.77	44.64	1.67	1.73
18	24.83	46.97	4.43	2.02
18.25	24.74	50.29	4.34	2.13
18.5	24.43	50.78	1.34	2.32
18.75	24.2	52.28	0.72	1.97
19	24.2	52.23	0.42	2.21
19.25	24.15	53.26	0.3	1.89
19.5	24.08	53.59	0	2.07
19.75	24.11	53.45	0	2.24
20	23.98	54.7	0	1.91
20.25	23.95	55.35	0	2.13
20.5	23.91	56.1	0	2.21
20.75	23.79	57.05	0	2.42
21	23.74	57.32	0	2.22
21.25	23.66	57.95	0	1.7
21.5	23.33	60.64	0	1.51
21.75	22.7	64.58	0	1.94
22	22.63	65.02	0	2.1
22.25	22.63	64.4	0	2.59
22.5	22.69	63.34	0	2.63
22.75	22.72	62.61	0	1.58
23	22.72	62.71	0	1.49
23.25	22.67	62.59	0	1.21
23.5	22.79	61.9	0	1.42
23.75	22.92	61.66	0	2.08
24	23.02	62.16	0	1.97
