0	17.07	66.21	0	0.12
0.25	17.16	66.24	0	0.61
0.5	17.06	67.25	0	0.1
0.75	16.96	67.31	0	0.28
1	16.76	68.06	0	0.11
1.25	16.37	71.1	0	0.16
1.5	16.2	72.3	0	0.01
1.75	15.98	73.5	0	0.1
2	15.75	75	0	0.02
2.25	16.03	73.1	0	0.05
2.5	15.56	75.6	0	0
2.75	15.08	78.5	0	0
3	14.96	80.2	0	0
3.25	14.59	82.8	0	0
3.5	14.31	85.1	0	0.01
3.75	14.19	86.5	0	0
4	14.09	87.3	0	0
4.25	14.02	87.4	0	0.05
4.5	14.02	86.9	0	0.02
4.75	13.63	88.7	0	0
5	13.5	90.1	0	0.01
5.25	13.62	90.9	0.2	0.23
5.5	13.21	93.7	0.65	0.02
5.75	13.04	94.8	1.24	0
6	13.33	93.6	1.89	0
6.25	14.03	90.1	2.62	0
6.5	14.89	85.8	3.35	0.01
6.75	15.43	82	4.69	0.61
7	15.61	78.5	5.06	1.02
7.25	15.77	76.5	5.35	1.58
7.5	16.33	73.4	5.94	1.59
7.75	16.49	71.1	6.87	1.7
8	16.86	69.83	6.96	1.78
8.25	17.39	69.1	7.62	1.38
8.5	18.2	65.52	8.16	1.56
8.75	18.46	62.02	8.01	2.09
9	19.3	59.51	14.72	1.51
9.25	19.65	53.96	22.03	2.06
9.5	20.01	54.07	24.16	1.31
9.75	20.75	53.28	25.83	1.56
10	20.93	50.85	27.47	1.4
10.25	21.01	50.73	28.89	1.92
10.5	20.88	48.93	30.5	2.23
10.75	21.58	46.9	32.05	1.97
11	21.5	47.09	33.11	2.13
11.25	22.39	46.58	33.26	1.85
11.5	22.07	46.64	29.96	2.06
11.75	22.26	46.93	23.4	2.47
12	22.22	46.23	25.17	2.91
12.25	22.56	45.87	27.14	2.47
12.5	22.94	44.11	36.62	3.33
12.75	22.59	44.99	25.8	2.77
13	23.13	43.05	27.9	2.64
13.25	23.14	42.81	32.47	2.89
13.5	23.95	41.86	28.76	2.32
13.75	22.98	44.09	21.94	2.99
14	22.83	45.22	20.31	3.06
14.25	23.86	41.59	29.99	2.37
14.5	24.19	38.96	29.87	2.7
14.75	24.27	39.05	27.56	2.47
15	23.73	41.36	15.58	2.03
15.25	23.66	41.16	20.18	2.3
15.5	24.05	39.28	15.44	2.3
15.75	23.37	39.11	13.63	2.52
16	24.35	37.36	20.2	2.52
16.25	24.92	36.98	20.21	2.69
16.5	24.5	37.68	14.5	2.9
16.75	24.12	39.55	14.94	3.21
17	24.04	39.28	11.94	2.96
17.25	24.03	39.69	8.67	2.61
17.5	24.56	38.7	9.39	2.58
17.75	23.75	40.14	7.4	2.63
18	24.14	39.52	6.18	2.81
18.25	24.08	39.18	4.61	2.7
18.5	23.75	39.64	3.98	2.59
18.75	23.63	40.08	3.15	2.25
19	23.19	41.32	2.26	2.39
19.25	22.71	41.81	1.46	2.23
19.5	22.14	44.15	0.82	2.4
19.75	21.27	47.25	0.3	2.68
20	20.8	47.65	0	2.24
20.25	20.51	48.02	0	1.97
20.5	20.23	49.02	0	1.6
20.75	20.01	49.67	0	1.38
21	19.77	50.88	0	1.41
21.25	19.42	52.54	0	0.94
21.5	19.39	52.87	0	1.48
21.75	19.18	54.31	0	1.36
22	18.92	55.88	0	0.83
22.25	18.56	57.47	0	0.38
22.5	18.25	58.69	0	0.02
22.75	17.92	60.47	0	0.1
23	18.09	60.14	0	0.56
23.25	18.17	60.71	0	0.82
23.5	17.98	61.78	0	0.61
23.75	17.72	62.84	0	0.26
24	17.57	63.83	0	0.49
