0	25.61	68.69	0	0.07
0.25	25.45	69.19	0	0.02
0.5	25.47	68.94	0	0.01
0.75	25.73	68.12	0	0.09
1	25.48	69.42	0	0.39
1.25	25.23	70.5	0	0.95
1.5	24.95	71.7	0	0.82
1.75	24.79	72.4	0	0
2	24.53	73.6	0	0
2.25	24.29	74.8	0	0.76
2.5	23.97	76.5	0	1.56
2.75	23.94	77.2	0	2.01
3	23.88	77.9	0	1.71
3.25	23.83	77.7	0	0.89
3.5	23.67	78.1	0	0.22
3.75	23.33	79.7	0	0.99
4	23.02	81.8	0	1.08
4.25	22.8	82.9	0	1.24
4.5	22.44	85.2	0	1.41
4.75	22.43	85.7	0	2.05
5	22.5	84.9	0	1.07
5.25	22.26	85.6	0	1.36
5.5	22.39	84.5	0.31	1.74
5.75	22.44	84.4	0.79	1.19
6	22.44	84.6	1.37	1.13
6.25	22.49	84.5	2.05	1.08
6.5	22.63	83.9	2.73	1.81
6.75	22.81	82.7	3.48	1.59
7	23.25	80	4.45	1.18
7.25	23.76	76.8	5.58	1.91
7.5	24.3	74.2	6.83	2.05
7.75	24.65	72.3	7.94	1.91
8	24.97	70.4	8.38	2.04
8.25	25.34	68.17	9.4	1.75
8.5	26.04	65.19	10.78	2.07
8.75	26.78	61.76	11.83	1.95
9	27.55	58.25	14.57	1.89
9.25	27.97	56.36	17.81	1.71
9.5	28.51	55.23	19.3	2.03
9.75	28.59	56.7	20.55	2.17
10	29.17	56.87	22.78	1.67
10.25	29.64	56.81	24.79	2.36
10.5	29.38	58.36	23.11	2.51
10.75	29.56	58.41	24.54	2.44
11	30.07	57.39	27.38	2.27
11.25	30.25	56.89	25.71	2.81
11.5	30.49	56.58	24.63	2.3
11.75	30.72	55.69	26.26	2.25
12	31.04	55.79	27.14	2.39
12.25	31.25	55.21	24.43	2.46
12.5	31.05	55.48	23.55	2.81
12.75	31.32	54.97	19.05	2.26
13	31.5	53.21	28.34	2.9
13.25	31.78	52.19	28.98	2.67
13.5	32.02	50.3	27.95	3.06
13.75	32.27	49.35	27.15	2.59
14	32.52	47.91	26.58	2.97
14.25	32.64	48.26	21.11	2.24
14.5	32.16	49.77	18.39	2.73
14.75	32.18	50.21	18.73	2.56
15	31.87	51.81	14.65	2.54
15.25	32.18	49.7	14.43	2.52
15.5	32.53	49.45	14.57	2.23
15.75	32.5	49.36	13.73	2.41
16	32.17	48.53	10.05	2.81
16.25	31.5	51.02	5.84	3.02
16.5	31.24	52.39	5.09	2.86
16.75	30.36	52.87	1.83	4.47
17	28.64	57.95	2.52	3.81
17.25	27.54	68.52	2.7	1.55
17.5	26.79	70.3	2.68	1
17.75	26.51	71.7	3.92	1.3
18	26.66	70.9	3.74	1.41
18.25	26.59	70.8	3.64	2.03
18.5	26.81	69.46	3.12	2.59
18.75	26.62	70.6	2.45	2.84
19	26.79	70.2	1.72	2.37
19.25	27.1	69.61	0.99	1.81
19.5	27.17	69	0.43	1.8
19.75	27.01	68.18	0.05	1.5
20	26.79	67.56	0	1.55
20.25	26.5	68.38	0	0.82
20.5	26.23	68.93	0	0.92
20.75	26.17	69.25	0	1.13
21	25.91	71.1	0	1.07
21.25	26	70.9	0	0.59
21.5	25.99	71.3	0	0.83
21.75	25.78	72.4	0	0.89
22	25.84	72.4	0	0.62
22.25	25.98	72.4	0	0.69
22.5	25.75	73.8	0	1
22.75	25.63	74.5	0	0.57
23	25.65	74.7	0	0.84
23.25	25.89	74	0	1.34
23.5	26.03	73.7	0	1.38
23.75	25.94	74.3	0	1.19
24	25.56	75.9	0	0.91