0	10.05	78	0	0
0.166666667	10.02	78.2	0	0.02
0.333333333	9.74	79	0	0.02
0.5	9.54	79.8	0	0
0.666666667	9.46	80	0	0.02
0.833333333	9.32	80.4	0	0
1	9.26	80.7	0	0.05
1.166666667	9.15	81.2	0	0
1.333333333	8.95	82.4	0	0
1.5	8.75	83.2	0	0
1.666666667	8.82	82.5	0	0.04
1.833333333	8.7	82.8	0	0
2	8.84	82.1	0	0
2.166666667	8.9	81.4	0	0.02
2.333333333	8.79	81.6	0	0.01
2.5	8.61	84.7	0	0.01
2.666666667	8.39	86.3	0	0.05
2.833333333	8.46	85.3	0	0.01
3	8.27	86.6	0	0
3.166666667	7.91	88.2	0	0.03
3.333333333	7.65	89.8	0	0
3.5	7.62	89.9	0	0.44
3.666666667	7.61	89.3	0	0
3.833333333	7.57	89.4	0	0
4	7.55	89.9	0	0
4.166666667	7.59	90.6	0	0.01
4.333333333	7.41	91.5	0	0
4.5	7.38	92.6	0	0.23
4.666666667	7.42	93	0	0.81
4.833333333	7.55	91.7	0	0.02
5	7.37	92	0	0
5.166666667	7.12	92.8	0	0
5.333333333	7.09	93.2	0	0
5.5	7.08	93.1	0	0
5.666666667	7.1	93.1	0	0
5.833333333	7	92.8	0	0.05
6	6.92	93.4	0	0.01
6.166666667	6.64	93.7	0	0.57
6.333333333	6.65	94.7	0.04	0.24
6.5	6.59	94.8	0.23	0.01
6.666666667	6.73	95.1	0.56	0
6.833333333	6.69	95	0.97	0
7	6.77	95.1	1.44	0.01
7.166666667	7.15	94.5	1.99	0
7.333333333	7.34	92.8	2.52	0
7.5	7.65	91.1	3.14	0
7.666666667	8.23	89.3	3.8	0
7.833333333	8.76	87	4.2	0.01
8	9.14	86.1	4.29	0
8.166666667	9.24	85.4	4.19	0
8.333333333	9.56	85.7	5.12	0.05
8.5	9.93	83.4	5.09	0.01
8.666666667	10.07	83.4	6.02	0
8.833333333	10.64	83.1	6.97	0
9	10.86	82.2	7.43	0.12
9.166666667	11.22	83.6	8.6	0.23
9.333333333	11.77	82.7	11.58	0
9.5	12.58	80	13.37	0.73
9.666666667	12.43	81.1	12.71	0.73
9.833333333	13.1	79	16.78	0.73
10	13.78	77	17.72	1.98
10.16666667	13.84	77.1	18.95	1.93
10.33333333	14.13	76.2	20.01	1.97
10.5	14.46	74.5	20.84	1.44
10.66666667	15.16	71.1	21.4	1.76
10.83333333	15.28	70.1	21.83	1.75
11	15.74	68.41	22.95	2.04
11.16666667	16.18	67.05	23.4	2.12
11.33333333	16.52	62.65	24.21	2.63
11.5	16.87	61.08	24.63	2.38
11.66666667	17.6	58.44	24.2	2.1
11.83333333	18.09	56.8	24.45	1.96
12	18.08	54.82	24.52	2.85
12.16666667	18.41	54.45	25.42	2.23
12.33333333	18.5	53.8	24.88	2.64
12.5	18.93	53.11	24.45	2.53
12.66666667	19.48	51.09	23.82	1.92
12.83333333	19.16	51.75	23.74	2.94
13	19.51	50.26	23.5	2.05
13.16666667	20.1	48.35	23.13	1.63
13.33333333	20.83	45.21	22.19	2.16
13.5	20.44	44.71	21.88	2.82
13.66666667	21.14	42.23	21.13	2.34
13.83333333	21.2	40.57	20.81	2.03
14	21.08	40.93	20.42	3.13
14.16666667	21.19	41.37	19.99	2.85
14.33333333	21.23	41.74	19.27	2.75
14.5	21.3	41.9	18.51	2.9
14.66666667	21.73	41.45	17.56	2.48
14.83333333	21.74	40.81	15.47	2.69
15	21.34	41	12.35	2.44
15.16666667	21.57	40.62	13.06	2.78
15.33333333	21.63	39.97	13.42	3.19
15.5	21.92	39	12.16	2.83
15.66666667	21.98	37.75	11.36	3.13
15.83333333	21.93	38.26	10.52	2.77
16	21.99	38.04	8.52	3.03
16.16666667	21.25	40.07	6.4	3.32
16.33333333	21.06	41.58	5.88	2.14
16.5	21.14	40.81	6.07	3.57
16.66666667	21.04	39.28	5.35	4
16.83333333	20.93	40.47	4.37	3.57
17	20.82	42.54	3.49	3.32
17.16666667	20.6	44.34	2.86	3.49
17.33333333	20.5	45.32	2.14	2.85
17.5	20.21	44.06	1.55	3.02
17.66666667	19.86	43.92	1.11	3.37
17.83333333	19.6	44.9	0.62	3.1
18	19.32	46.04	0.29	2.57
18.16666667	19.07	47.19	0	1.77
18.33333333	18.8	48.4	0	2.21
18.5	18.8	48.64	0	2.36
18.66666667	18.63	49.61	0	2.57
18.83333333	18.5	50.19	0	2.8
19	18.34	51.05	0	2.59
19.16666667	18.16	51.94	0	2.64
19.33333333	18.04	52.36	0	2.44
19.5	17.9	53.15	0	2.71
19.66666667	17.69	54.41	0	2.26
19.83333333	17.49	55.1	0	1.79
20	17.26	55.67	0	1.82
20.16666667	17.35	54.4	0	1.92
20.33333333	17.28	54.57	0	1.96
20.5	17.26	54.8	0	1.77
20.66666667	17	55.56	0	0.88
20.83333333	16.87	55.99	0	0.24
21	15.91	61.11	0	0
21.16666667	15.75	61.75	0	0
21.33333333	15.91	61	0	0
21.5	16.04	60.54	0	0
21.66666667	15.7	61.48	0	0
21.83333333	15.48	62.3	0	0
22	15.29	63.09	0	0
22.16666667	15.13	63.72	0	0
22.33333333	14.86	65.06	0	0
22.5	14.69	65.87	0	0
22.66666667	14.51	66.93	0	0
22.83333333	14.54	66.63	0	0
23	14.56	66.07	0	0
23.16666667	14.55	65.81	0	0
23.33333333	14.48	65.73	0	0
23.5	14.41	67.19	0	0
23.66666667	14.01	71.1	0	1.1
23.83333333	13.37	74.6	0	0
24	13.05	77.6	0	0.27
