0	23.04	77.5	0	2.16
0.25	22.87	78	0	2.3
0.5	22.7	78.5	0	1.98
0.75	22.4	79.8	0	2.36
1	22.28	80.1	0	2.46
1.25	22.15	80.7	0	2.11
1.5	22.04	81	0	2.2
1.75	22.03	80.8	0	2.07
2	21.88	81.8	0	2.36
2.25	21.71	82.5	0	1.84
2.5	21.34	84.5	0	0.18
2.75	21.07	86.2	0	0.03
3	20.92	86.9	0	0
3.25	20.84	87	0	0
3.5	20.69	87.2	0	0.01
3.75	20.6	87.3	0	0.01
4	20.61	86.9	0	0.08
4.25	20.63	86.6	0	0.06
4.5	20.6	86.2	0	0.04
4.75	20.58	86.1	0	0.08
5	20.41	87.1	0	0
5.25	20.19	87.8	0.06	0.19
5.5	20.28	87.4	0.44	0.15
5.75	20.3	87.5	0.9	0.04
6	20.49	86.9	1.52	0
6.25	20.72	85.8	2.24	0
6.5	21.13	84.3	3.03	0.03
6.75	21.47	82.6	3.85	0.17
7	21.57	81.6	4.79	1.77
7.25	21.74	80.6	5.81	1.96
7.5	22.01	80	6.89	2.28
7.75	22.23	78.8	7.91	2.29
8	22.36	77.9	9.04	2.95
8.25	22.73	76.5	10.18	2.8
8.5	23.04	75.1	11.32	2.7
8.75	23.73	72	12.77	2.28
9	24.22	69.93	14.22	2.17
9.25	24.25	69.61	16.53	2.82
9.5	24.61	68.34	18.28	2.75
9.75	24.92	67.32	18.98	2.94
10	25.43	65.02	19.32	2.37
10.25	26.2	63.1	22.28	2.61
10.5	25.45	65.17	19.44	2.37
10.75	26	63.43	20.92	2.19
11	26.14	63.16	18.97	2.47
11.25	26.33	62.81	22.73	2.08
11.5	26.7	61.44	26.07	2.68
11.75	26.63	59.97	28.62	2.86
12	27.31	58.08	28.46	2.97
12.25	27.18	57.94	26.52	3.14
12.5	27.46	56.79	27.94	2.68
12.75	28.01	56.35	29.14	3.13
13	27.77	55.92	27.89	3.1
13.25	27.74	56.03	28.73	3.32
13.5	27.9	55.13	26.57	3.03
13.75	27.68	54.48	19.92	3.14
14	27.92	53.24	23.59	2.7
14.25	28.55	51.2	18.41	2.64
14.5	28.12	52.74	17.92	2.57
14.75	28.02	52.52	20.73	3.4
15	27.8	53.12	17.33	3.22
15.25	27.92	52.23	17	3.24
15.5	28.36	51.09	19.82	3.67
15.75	28.39	50.9	18.84	3.68
16	28.18	50.89	15.99	3.48
16.25	28.57	49.59	13.54	2.48
16.5	28.14	50.82	12.38	2.96
16.75	28.11	51.16	10.35	3.21
17	27.5	53.28	4.92	3.22
17.25	27.29	52.79	5.11	2.78
17.5	27.27	53.46	5.77	2.93
17.75	27.34	53.8	5.64	2.91
18	27.25	53.46	5.02	2.97
18.25	27.05	53.44	4.18	3.09
18.5	26.84	53.95	3.04	3.21
18.75	26.56	54.08	2.43	3.54
19	26.33	54.42	1.7	3.37
19.25	26.19	54.13	1.14	3.68
19.5	26.04	53.97	0.56	3.65
19.75	25.68	55.17	0.15	2.57
20	25.41	55.75	0	2.3
20.25	25.03	57.5	0	1.26
20.5	24.71	58.52	0	1.99
20.75	24.71	58.33	0	2.56
21	24.55	58.86	0	2.82
21.25	24.38	59.73	0	2.72
21.5	24.21	60.37	0	2.87
21.75	24.09	60.66	0	2.93
22	23.88	61.57	0	2.22
22.25	23.59	62.89	0	2.11
22.5	23.44	63.24	0	1.51
22.75	23.33	63.62	0	1.28
23	23.15	64.23	0	1.75
23.25	23.08	64.51	0	2.03
23.5	22.91	65.4	0	1.87
23.75	22.62	66.67	0	1.86
24	22.42	67	0	1.89
