0	18.68	61.38	0	0.31
0.25	18.45	62.73	0	0.34
0.5	18.44	63.04	0	0.59
0.75	18.3	63.93	0	0.05
1	18.03	65.24	0	0.26
1.25	17.69	66.93	0	0.29
1.5	17.27	69.12	0	0.12
1.75	17.11	70.7	0	0.19
2	16.79	72.8	0	0.03
2.25	16.71	73.4	0	0.22
2.5	16.38	74.9	0	0.04
2.75	16.24	75.8	0	0.06
3	15.93	77.5	0	0.01
3.25	15.86	78.2	0	0.03
3.5	15.82	78.9	0	0.01
3.75	15.66	80.1	0	0
4	15.61	80.7	0	0.03
4.25	15.81	80	0	0.31
4.5	15.62	80.8	0	0.06
4.75	15.06	84	0	0.01
5	14.84	85.6	0	0
5.25	14.74	86.1	0	0
5.5	14.64	87	0	0
5.75	14.89	85.8	0.19	0
6	15.03	85.7	0.68	0
6.25	15.18	84.7	1.31	0.03
6.5	15.52	83.2	2.04	0.04
6.75	15.83	81.7	2.82	0.15
7	16.24	80.3	3.66	0.23
7.25	16.63	79.7	4.35	0.21
7.5	16.9	78.1	5.11	0.24
7.75	17.33	76.4	5.99	0.59
8	17.96	74.2	6.67	0.5
8.25	18.65	72.6	7.85	0.44
8.5	19.52	69.4	7.61	0.15
8.75	20.54	65.95	8.08	0.99
9	20.56	64.34	11.61	1.03
9.25	21.55	60.79	18.44	1.61
9.5	22.4	58	20.03	1.34
9.75	22.97	55.84	21.41	1.55
10	23.25	54.16	23.06	1.45
10.25	23.98	47.56	24.33	1.6
10.5	24.82	42.98	24.45	1.15
10.75	24.69	44.51	25.54	2.06
11	24.58	43.21	27.09	1.81
11.25	25.55	39.12	29.37	1.37
11.5	25.98	36.2	30.57	2.17
11.75	25.58	34.63	31.08	1.65
12	26.12	33.67	31.75	1.6
12.25	26.54	32.17	32.11	1.64
12.5	26.59	31.73	31.65	2.16
12.75	26.47	32.24	31.76	2.12
13	26.62	32.56	31.37	2.77
13.25	26.99	31.79	30.76	1.84
13.5	26.81	31.5	30.55	3.33
13.75	27.4	32	29.58	1.81
14	27.67	31.95	28.35	1.9
14.25	28	31.19	27.22	1.73
14.5	28.21	29.09	25.96	2.27
14.75	27.94	30.27	23.83	1.94
15	28.17	29.26	22.71	2.12
15.25	28.79	27.68	21.23	1.62
15.5	28.6	28.21	20.03	1.73
15.75	28.57	27.7	18.43	2.02
16	28.88	28.17	16	1.59
16.25	28.56	27.98	14.96	1.84
16.5	28.74	28.28	13.34	1.57
16.75	28.67	27.82	11.53	1.85
17	28.46	28.75	10	1.55
17.25	28.06	28.9	8.38	2.17
17.5	28.25	29.17	6.89	1.71
17.75	27.99	30.26	5.26	2.32
18	27.5	31.06	4.3	2.04
18.25	27.66	31.23	3.29	1.63
18.5	26.86	32	2.19	1.62
18.75	26.01	33.16	1.25	1.66
19	25.52	34.15	0.7	1.59
19.25	24.99	36.12	0.23	1.09
19.5	24.55	38.03	0	1
19.75	24.28	39.69	0	1.04
20	24.05	41.39	0	1.2
20.25	23.65	42.72	0	1.03
20.5	23.5	42.7	0	0.39
20.75	23.34	42.62	0	0
21	23.06	43.08	0	0
21.25	23.23	42.79	0	0
21.5	22.79	44.67	0	0.35
21.75	22.42	45.92	0	1.06
22	22.19	46.69	0	1.11
22.25	22.26	46.65	0	1.49
22.5	21.91	50.81	0	1.81
22.75	21.36	54.61	0	1.58
23	20.64	59.86	0	2.38
23.25	20.23	62.26	0	2.29
23.5	19.86	63.26	0	1.18
23.75	19.37	65.34	0	0.29
24	19.37	65.34	0	0.29
