0	21.99	77.3	0	1.81
0.166666667	21.92	77.9	0	1.49
0.333333333	21.81	78.5	0	1.57
0.5	21.63	79.4	0	1.81
0.666666667	21.53	79.4	0	1.81
0.833333333	21.41	79.6	0	0.77
1	21.27	80.1	0	1.49
1.166666667	21.12	80.8	0	1.09
1.333333333	20.91	81.9	0	1.57
1.5	20.64	83.2	0	1.33
1.666666667	20.55	83.8	0	1.65
1.833333333	20.47	84.1	0	1.49
2	20.47	84.1	0	0.53
2.166666667	20.44	84.1	0	0
2.333333333	20.32	84.5	0	0.53
2.5	20.06	85.5	0	1.73
2.666666667	19.85	86.9	0	1.73
2.833333333	19.72	88.2	0	2.37
3	19.65	88.5	0	1.65
3.166666667	19.66	88.1	0	1.81
3.333333333	19.55	88.3	0	2.13
3.5	19.52	88.4	0	2.21
3.666666667	19.47	88.5	0	2.05
3.833333333	19.46	88.3	0	1.57
4	19.48	87.5	0	1.73
4.166666667	19.46	87.3	0	2.13
4.333333333	19.53	86.4	0	2.21
4.5	19.62	85.3	0	2.05
4.666666667	19.49	85.9	0	2.05
4.833333333	19.51	85.4	0	2.37
5	19.46	85.5	0	2.21
5.166666667	19.54	85.2	0	2.29
5.333333333	19.4	85.9	0	2.37
5.5	19.37	86.1	0	2.69
5.666666667	19.29	86.7	0	2.77
5.833333333	19.38	86.5	0	2.53
6	19.71	85.6	0.27	3.65
6.166666667	19.83	85.2	0.68	2.93
6.333333333	19.73	85.6	1.12	2.93
6.5	19.73	85.7	1.57	2.69
6.666666667	19.92	85.2	2.11	2.53
6.833333333	20.12	84.6	2.64	2.85
7	20.26	84.3	3.23	2.29
7.166666667	20.39	84	3.86	2.37
7.333333333	20.78	82.6	4.47	1.97
7.5	21.11	81.9	5.22	1.89
7.666666667	21.44	81	5.94	2.45
7.833333333	22.04	79.4	6.8	2.13
8	22.3	78.3	6.63	3.57
8.166666667	22.49	78.2	7.81	2.29
8.333333333	22.91	76.5	8.57	3.41
8.5	23.16	75.7	9.04	4.29
8.666666667	23.49	73	11.04	5.09
8.833333333	23.72	70.5	12.81	3.81
9	24.25	67.86	15.57	3.65
9.166666667	24.54	67.13	16.42	3.73
9.333333333	24.49	66.65	14.38	5.33
9.5	24.44	67.17	16.9	4.85
9.666666667	24.78	67.13	16.96	3.25
9.833333333	24.75	67.38	17.55	5.33
10	24.98	67.76	20.61	4.77
10.16666667	25.79	65.2	21.8	4.05
10.33333333	25.85	65.33	16.72	5.65
10.5	25.77	64.77	14.9	4.53
10.66666667	25.97	63.35	19.62	4.77
10.83333333	26.31	61.92	27.18	5.01
11	26.26	62.23	22.22	6.69
11.16666667	26.08	63.57	17.31	5.81
11.33333333	25.97	63.93	14.57	5.49
11.5	26.33	63.23	25.32	4.53
11.66666667	26.85	61.36	28.67	5.89
11.83333333	26.94	60.48	28.9	5.81
12	27.33	58.85	28.88	5.49
12.16666667	27.35	58.09	21.06	5.25
12.33333333	27.41	57.27	18.41	5.73
12.5	27.09	58.03	19.12	5.97
12.66666667	27.81	55.36	32.25	7.09
12.83333333	27.97	53.2	21.7	7.25
13	27.41	55.99	12.91	5.73
13.16666667	27.11	56.77	4.04	7.25
13.33333333	25.11	60.38	0.66	7.73
13.5	22.17	74.4	0.02	10.37
13.66666667	19.26	93.2	0.24	9.73
13.83333333	18.85	96.5	0.34	6.21
14	18.76	96.8	0.59	6.69
14.16666667	18.68	97.2	0.59	3.49
14.33333333	18.83	97.6	0.81	3.89
14.5	19	97.9	0.82	1.49
14.66666667	19.33	98.1	8.46	1.89
14.83333333	20.11	98.3	6.66	1.73
15	20.08	98.4	1.63	2.29
15.16666667	19.91	98.3	4.12	1.49
15.33333333	20.7	98.6	15.56	1.09
15.5	21.31	98.8	13.53	0.85
15.66666667	21.53	98.4	11.93	0.77
15.83333333	21.53	97.3	12.23	2.05
16	21.65	95.7	13.04	3.33
16.16666667	21.62	95.3	10.58	2.53
16.33333333	21.47	96	8.25	2.61
16.5	21.57	94.3	10.27	3.49
16.66666667	21.56	94.5	8.27	3.09
16.83333333	21.7	94.7	7.89	3.25
17	21.7	94	7.1	3.09
17.16666667	21.72	93.4	5.79	3.17
17.33333333	21.6	93.4	4.59	2.85
17.5	21.49	94.2	3.94	2.93
17.66666667	21.5	93.8	3.18	2.53
17.83333333	21.4	94.7	2.3	2.93
18	21.29	94.6	1.25	3.01
18.16666667	21.44	92.9	1.85	3.09
18.33333333	21.33	95	1.29	0.77
18.5	21.3	94.3	0.73	0.53
18.66666667	21.35	95	0.41	2.37
18.83333333	21.37	95.7	0.3	2.45
19	21.2	95.4	0.01	2.45
19.16666667	20.96	95.8	0	1.81
19.33333333	20.75	96.6	0	2.85
19.5	20.6	96.5	0	2.77
19.66666667	20.49	96.8	0	2.53
19.83333333	20.36	97.3	0	0.85
20	20.34	97.8	0	0
20.16666667	20.34	97.9	0	0.93
20.33333333	20.2	97.9	0	0
20.5	20.1	98.2	0	0
20.66666667	20.06	98.5	0	0
20.83333333	20.11	98.7	0	0
21	20.15	98.8	0	0
21.16666667	20.15	98.8	0	0
21.33333333	20.07	98.7	0	0.53
21.5	20.06	98.7	0	0
21.66666667	20.15	98.6	0	1.65
21.83333333	20.1	96.1	0	0.77
22	19.8	90.1	0	0.93
22.16666667	19.56	87.5	0	0
22.33333333	19.42	86.3	0	1.57
22.5	19.25	86.9	0	0
22.66666667	18.97	86.8	0	0
22.83333333	19.25	84.3	0	0.53
23	18.95	86.3	0	0.77
23.16666667	18.64	88.1	0	0.69
23.33333333	18.62	87.4	0	0.53
23.5	18.43	87.2	0	0
23.66666667	18.37	85.8	0	0
23.83333333	18.48	84.5	0	0.77
24	77.6	84.5	0	13.05
