0	20.81	68.18	0	2.63
0.25	20.65	69.49	0	1.98
0.5	20.55	69.8	0	2.02
0.75	20.22	72.2	0	1.63
1	20.05	73.2	0	1.93
1.25	20.04	74.2	0	1.52
1.5	20.04	75	0	1.48
1.75	20.03	75.3	0	0.84
2	19.99	75.5	0	1.22
2.25	20.02	75.3	0	0.05
2.5	19.99	75.9	0	0.01
2.75	19.93	75.8	0	0.81
3	19.8	76.5	0	1.4
3.25	19.76	76.8	0	0.52
3.5	19.73	77	0	0.75
3.75	19.6	76.5	0	1.2
4	19.43	75.9	0	1.13
4.25	19.18	76.6	0	1.9
4.5	19.12	77	0	2.23
4.75	18.89	78.7	0	2.21
5	18.66	80.4	0	2.07
5.25	18.36	82.4	0.32	1.34
5.5	18.17	83.6	0.78	1.58
5.75	18.13	84.7	1.29	2.32
6	18.23	85.8	2.13	1.93
6.25	18.52	86.6	3.06	1.99
6.5	18.9	86.5	4	2.07
6.75	19.17	86	5.4	2.06
7	19.6	84.6	5.85	2.09
7.25	20.16	82.7	7.1	1.96
7.5	20.71	80.6	7.64	1.94
7.75	20.67	81	8.79	2.07
8	20.62	81.5	8.85	2.37
8.25	20.63	82	9.51	1.49
8.5	20.47	83.1	6.51	2.04
8.75	20.36	83.9	7.03	1.97
9	20.7	83	9.22	2.24
9.25	20.98	81.6	11.6	2.07
9.5	21.55	79.6	12.57	1.98
9.75	21.8	78.5	9.98	2.13
10	21.66	78.9	9.97	2.57
10.25	22.01	77.7	11.94	2.42
10.5	22.24	76.6	10.68	2.4
10.75	22.49	75.4	11.78	2.47
11	22.61	74.9	10.95	2.48
11.25	22.64	74.5	9.86	2.49
11.5	23.19	72.6	17.27	2.46
11.75	23.15	72.8	10.87	2.39
12	22.88	72.3	7.77	3.07
12.25	22.87	71.9	6.37	2.9
12.5	22.62	73.1	3.94	3.02
12.75	21.95	78.7	4.04	2.8
13	21.27	84.5	6.63	2.62
13.25	21.24	86.5	9.5	1.76
13.5	21.4	85.3	10.24	2.16
13.75	21.23	82.3	6.79	2.64
14	21.31	82.8	8.95	2.26
14.25	21.27	83	9.76	2.42
14.5	21.53	82.6	13.46	1.53
14.75	21.79	81.1	16.04	1.19
15	23.13	75.8	26.56	1.7
15.25	23.11	74.4	16.93	1.33
15.5	22.99	74.6	11.82	1.77
15.75	23.04	72.8	15.73	2.21
16	22.92	72.7	11.22	2.65
16.25	22.74	73.2	8.26	2.57
16.5	22.86	71.9	9.66	2.59
16.75	23.24	69.55	11.78	3.51
17	23.08	70.2	9.22	2.87
17.25	23.44	69.59	10.22	2.79
17.5	23.56	69.29	10.12	3.06
17.75	23.55	69.47	7.32	2.44
18	23.35	70.3	5.24	2.28
18.25	23.6	69.65	4.87	2.34
18.5	23.65	67.76	4.2	2.81
18.75	23.93	66.1	3.89	2.07
19	23.53	67.26	2.56	2.36
19.25	23.34	68.21	1.53	2.13
19.5	22.88	70.3	0.88	1.96
19.75	22.52	71.8	0.39	1.86
20	22.29	73.1	0.01	1.57
20.25	22.04	74.4	0	0.92
20.5	21.82	75.5	0	1.01
20.75	21.64	76.6	0	0.65
21	21.21	78.7	0	1.14
21.25	21.09	79	0	1.07
21.5	20.94	79.6	0	0.72
21.75	20.87	79.9	0	0.37
22	20.62	81.3	0	0.37
22.25	20.76	81	0	0.89
22.5	20.55	82.2	0	0.56
22.75	20.45	82.9	0	0.91
23	20.16	84.3	0	0.85
23.25	20.01	85.6	0	1.1
23.5	20.05	86.7	0	1.66
23.75	19.99	87.9	0	1.26
24	19.89	88.9	0	1.07