0	12.82	68.51	0	0.54
0.25	12.58	69.42	0	0.47
0.5	12.31	69.25	0	0.63
0.75	12.25	68.88	0	0.66
1	11.98	69.07	0	0.28
1.25	11.95	68.16	0	1.3
1.5	12.03	64.91	0	1.68
1.75	11.91	65.77	0	1.44
2	11.58	66.75	0	1.78
2.25	11.4	66.84	0	1.38
2.5	11.18	69.24	0	1.33
2.75	11.1	68.08	0	1.62
3	10.89	68.85	0	1.31
3.25	10.67	69.24	0	1.48
3.5	10.43	70.4	0	1.38
3.75	10.22	71.7	0	1.36
4	10.16	71.7	0	1.63
4.25	10.06	71.7	0	1.33
4.5	9.91	72.8	0	0.91
4.75	9.83	73.6	0	0.99
5	9.68	74.9	0.07	0.85
5.25	9.56	76.1	0.41	0.48
5.5	9.53	75.7	0.94	0.74
5.75	9.69	74	1.6	1.06
6	9.85	72.8	2.29	1.33
6.25	10.06	71.6	3.02	1.5
6.5	10.28	70.2	4.29	1.53
6.75	10.53	68.67	4.72	1.54
7	10.71	66.1	5.09	2.32
7.25	11.16	64.86	5.36	1.67
7.5	11.66	62.43	5.91	2.09
7.75	11.64	63.66	6.58	1.57
8	12.14	61.86	7.39	1.37
8.25	12.45	58.57	7.3	2.01
8.5	12.85	57.36	7.88	2.19
8.75	12.93	56.9	9.76	2.54
9	13.98	54.55	14.38	1.66
9.25	15.03	52.72	25.58	1.53
9.5	15.03	50.12	26.42	1.96
9.75	15.46	49.15	28.7	1.51
10	15.53	48.98	30.21	1.72
10.25	16.21	48.23	31.6	1.66
10.5	16.09	47.97	33.13	1.84
10.75	16.97	49.05	33.98	1.63
11	16.88	47.12	34.75	1.9
11.25	16.58	47.93	35.29	2.62
11.5	16.9	47.31	35.94	2.16
11.75	17.89	45.5	36.48	1.64
12	18.13	43.59	36.78	2.1
12.25	17.71	44.29	36.83	2.54
12.5	18.57	42.84	36.84	1.74
12.75	18.89	41.41	36.59	1.78
13	18.99	41.49	36.11	2.12
13.25	19.18	41.43	35.45	2.06
13.5	19.79	40.97	34.58	1.88
13.75	19.34	39.64	33.58	2.01
14	19.73	40.81	32.4	1.52
14.25	19.98	38.7	31.15	1.9
14.5	20.65	39.84	29.63	1.62
14.75	20.94	38.46	28.1	1.33
15	21.32	35.87	26.52	1.86
15.25	20.73	35.53	24.91	2.36
15.5	21.1	36.08	23.06	1.86
15.75	21.86	34.35	21.15	1.8
16	21.53	34.53	19.35	1.76
16.25	21.38	34.54	17.55	2.16
16.5	21.5	34.23	15.72	1.64
16.75	22.08	32.34	13.71	1.47
17	21.82	33.59	9.51	1.76
17.25	22.11	34.23	10.04	1.42
17.5	21.64	35.2	8.73	1.85
17.75	22.12	34.19	7.28	1.05
18	21.89	34.55	4.88	1.55
18.25	21.97	35.63	4.29	1.01
18.5	21.67	36.15	3.87	1.26
18.75	20.8	39.12	2.97	2.06
19	20.44	40.33	2.22	1.72
19.25	20.29	41.5	1.53	1.32
19.5	19.54	44	0.88	1.51
19.75	18.79	46.32	0.39	1.45
20	18.29	47.97	0.02	1.36
20.25	17.94	49.53	0	1.32
20.5	17.64	51.07	0	1.25
20.75	17.41	52.16	0	1.02
21	17.09	53.31	0	0.72
21.25	16.77	54.97	0	0.34
21.5	16.52	55.91	0	1.08
21.75	16.69	55.2	0	1.43
22	16.92	54.15	0	1.66
22.25	16.8	55.65	0	1.9
22.5	16.49	58.75	0	1.63
22.75	16.2	60.61	0	1.67
23	15.82	63.27	0	1.18
23.25	15.79	63.75	0	0.47
23.5	15.16	66.69	0	0.09
23.75	15.09	67.94	0	0
24	14.46	71.8	0	0