0	20.99	51.89	0.00	1.17
0.166666667	20.99	51.89	0.00	1.17
0.333333333	20.99	51.89	0.00	1.17
0.5	20.84	52.71	0.00	0.93
0.666666667	20.60	53.61	0.00	0.85
0.833333333	20.60	53.40	0.00	1.09
1	20.57	53.35	0.00	1.01
1.166666667	20.51	53.70	0.00	1.17
1.333333333	20.31	55.71	0.00	0.77
1.5	19.90	56.69	0.00	0.77
1.666666667	19.69	57.74	0.00	0.85
1.833333333	19.54	58.07	0.00	1.01
2	19.51	58.63	0.00	1.17
2.166666667	19.48	59.53	0.00	1.01
2.333333333	19.20	61.03	0.00	1.17
2.5	19.29	60.53	0.00	1.09
2.666666667	19.23	61.59	0.00	1.17
2.833333333	18.92	63.72	0.00	1.17
3	18.51	66.05	0.00	1.25
3.166666667	18.37	67.68	0.00	1.25
3.333333333	18.20	68.35	0.00	0.77
3.5	18.10	68.83	0.00	1.17
3.666666667	17.93	70.70	0.00	1.09
3.833333333	17.73	71.70	0.00	1.09
4	17.51	72.90	0.00	1.09
4.166666667	17.25	74.50	0.00	0.85
4.333333333	16.98	75.90	0.00	0.85
4.5	16.80	76.70	0.00	1.01
4.666666667	16.86	76.00	0.00	1.33
4.833333333	16.73	76.70	0.00	1.17
5	16.51	78.30	0.00	1.09
5.166666667	16.27	79.50	0.00	0.53
5.333333333	16.06	80.40	0.00	0.77
5.5	15.95	80.60	0.00	0.69
5.666666667	15.85	80.70	0.00	1.09
5.833333333	15.69	81.00	0.00	0.85
6	15.59	81.70	0.00	1.25
6.166666667	15.69	81.20	0.14	1.09
6.333333333	15.83	80.30	0.35	1.09
6.5	15.71	81.30	0.72	0.77
6.666666667	15.88	80.70	1.20	0.85
6.833333333	16.23	78.80	1.71	1.01
7	16.42	78.40	2.26	1.33
7.166666667	16.62	77.70	2.80	1.17
7.333333333	16.86	76.00	3.39	1.49
7.5	17.19	74.70	3.97	1.73
7.666666667	17.46	73.90	4.45	1.49
7.833333333	17.83	71.90	5.05	1.57
8	18.11	69.95	6.93	2.13
8.166666667	18.48	68.62	6.34	2.13
8.333333333	19.04	65.14	6.77	1.65
8.5	20.08	61.73	10.77	1.57
8.666666667	20.56	59.82	12.30	1.09
8.833333333	21.01	56.99	13.54	2.05
9	21.08	56.76	14.73	1.81
9.166666667	22.09	53.78	15.94	1.73
9.333333333	22.70	53.31	17.11	1.89
9.5	23.31	51.55	18.19	2.05
9.666666667	24.13	49.48	19.33	1.97
9.833333333	25.22	46.06	20.49	1.25
10	25.64	45.50	21.54	2.61
10.16666667	25.13	46.48	22.58	2.61
10.33333333	25.47	44.91	23.72	2.13
10.5	25.94	42.32	24.72	2.29
10.66666667	26.11	41.54	25.72	2.29
10.83333333	27.08	38.52	26.63	2.21
11	27.42	37.27	27.41	2.13
11.16666667	28.11	35.45	28.17	1.89
11.33333333	29.23	33.44	28.56	2.45
11.5	28.91	33.50	28.88	3.49
11.66666667	28.95	32.48	29.41	2.61
11.83333333	28.93	31.29	29.94	2.61
12	29.28	30.70	30.44	2.21
12.16666667	30.12	28.74	30.28	2.93
12.33333333	30.82	26.23	30.43	2.85
12.5	30.64	26.51	30.20	2.53
12.66666667	31.19	24.87	30.10	2.85
12.83333333	31.78	24.47	29.64	2.85
13	32.28	22.82	29.30	2.61
13.16666667	32.66	24.33	29.45	2.45
13.33333333	32.01	25.69	28.92	2.69
13.5	32.74	24.84	28.39	2.61
13.66666667	32.98	24.77	27.94	2.69
13.83333333	32.60	25.66	27.37	3.41
14	33.68	23.85	26.72	2.61
14.16666667	33.13	23.90	26.21	2.85
14.33333333	33.52	22.65	25.66	2.45
14.5	33.94	22.92	24.74	2.69
14.66666667	33.91	21.48	24.15	1.89
14.83333333	33.49	21.93	23.15	3.33
15	34.17	21.81	22.18	2.45
15.16666667	33.37	21.76	21.21	3.17
15.33333333	33.45	22.00	20.20	3.33
15.5	33.78	21.74	18.92	3.41
15.66666667	34.93	20.11	17.87	3.09
15.83333333	34.44	20.49	16.73	3.01
16	34.66	20.15	15.57	3.17
16.16666667	33.26	21.58	14.27	3.73
16.33333333	33.51	20.60	13.00	2.21
16.5	34.04	20.45	11.09	2.29
16.66666667	34.36	19.67	7.61	2.61
16.83333333	34.41	19.59	9.44	3.09
17	33.53	20.17	8.26	2.77
17.16666667	33.53	20.10	7.12	2.21
17.33333333	34.19	20.34	6.06	1.41
17.5	34.57	19.39	5.05	1.89
17.66666667	33.94	19.94	4.18	1.65
17.83333333	33.50	21.01	3.31	1.41
18	33.35	21.38	2.59	1.25
18.16666667	32.74	22.87	1.96	0.93
18.33333333	32.07	24.35	1.39	0.93
18.5	32.07	22.86	0.94	0.85
18.66666667	31.38	24.33	0.51	1.01
18.83333333	30.40	25.04	0.17	1.01
19	29.88	25.88	0.04	0.85
19.16666667	29.55	26.73	0.00	1.09
19.33333333	29.13	26.60	0.00	0.69
19.5	28.77	26.99	0.00	0.53
19.66666667	28.35	28.78	0.00	0.69
19.83333333	27.86	30.48	0.00	0.93
20	27.49	31.66	0.00	0.85
20.16666667	27.17	32.46	0.00	1.09
20.33333333	27.15	32.48	0.00	0.93
20.5	26.74	33.46	0.00	0.69
20.66666667	26.21	34.61	0.00	0.69
20.83333333	25.86	36.05	0.00	0.61
21	25.37	38.91	0.00	0.69
21.16666667	24.83	41.44	0.00	1.01
21.33333333	24.43	42.75	0.00	1.49
21.5	24.29	42.33	0.00	1.09
21.66666667	24.30	41.17	0.00	1.01
21.83333333	24.14	41.58	0.00	0.93
22	23.81	40.34	0.00	1.01
22.16666667	23.50	42.08	0.00	1.33
22.33333333	23.26	42.51	0.00	0.85
22.5	23.18	42.92	0.00	0.61
22.66666667	23.03	43.76	0.00	0.61
22.83333333	23.00	43.17	0.00	1.89
23	23.15	43.38	0.00	1.49
23.16666667	22.82	45.77	0.00	0.93
23.33333333	22.63	45.65	0.00	0.77
23.5	22.24	47.28	0.00	0.61
23.66666667	21.79	48.97	0.00	0.00
23.83333333	21.67	50.60	0.00	1.01
24	21.67	50.60	0.00	1.01
