0	17.78	64.2	0	0.01
0.25	17.64	65.05	0	0
0.5	17.23	67.52	0	0.01
0.75	17.04	68.32	0	0.01
1	16.8	69.67	0	0
1.25	16.6	71.2	0	0
1.5	16.24	74.1	0	0
1.75	16	75.9	0	0
2	16.05	75.7	0	0
2.25	15.94	78.2	0	0
2.5	15.65	80.9	0	0
2.75	15.45	84.1	0	0.01
3	15.35	84.6	0	0
3.25	15.18	85.8	0	0
3.5	15.08	86.4	0	0
3.75	14.9	86.8	0	0
4	14.92	86.3	0	0.04
4.25	14.76	86.6	0	0
4.5	14.42	88.5	0	0
4.75	14.19	89.5	0	0
5	14.13	90.4	0	0
5.25	14.12	90.6	0.18	0
5.5	14.08	90.7	0.59	0
5.75	14.16	90.5	1.16	0
6	14.37	89.9	1.85	0
6.25	15.04	87.2	2.62	0
6.5	15.4	86.6	3.34	0.09
6.75	15.78	85.4	4.53	0
7	16.25	83.3	5	0.03
7.25	16.82	79.8	5.36	0.36
7.5	17.39	77.9	5.99	0.95
7.75	18.03	73.8	6.56	0.79
8	18.6	70.1	7.27	0.72
8.25	19.2	69.22	7.49	0.73
8.5	20.2	65.61	7.91	1.13
8.75	21.26	61.47	8.37	1.11
9	21.87	58.28	13.54	1.42
9.25	22.25	54.65	21.98	1.61
9.5	22.87	51.34	23.77	1.55
9.75	23.48	47.39	25.44	1.33
10	23.6	47.07	26.71	1.81
10.25	23.76	45.49	27.7	1.86
10.5	24.14	42.01	29.4	1.5
10.75	24.56	44.83	30.65	1.73
11	24.78	43.87	31.27	1.67
11.25	24.66	42.04	31.71	1.99
11.5	25.4	42.12	32.73	2.25
11.75	25.2	41.41	33.5	2.16
12	25.55	40.43	33.43	2.85
12.25	25.79	39.02	32.38	1.83
12.5	26.13	38.65	33.95	1.87
12.75	26.41	37.2	34.15	2.51
13	26.73	37.34	33.18	2.29
13.25	27.11	35.99	31.81	1.85
13.5	26.54	36.32	26.87	2.2
13.75	27.33	35.25	28.91	2.1
14	27.86	35.05	27.22	1.91
14.25	27.29	35.63	25.63	2.73
14.5	27.88	34.15	29.43	1.84
14.75	27.77	33.55	28.56	3.03
15	27.94	33.99	25.39	2.13
15.25	28.75	32.55	24.91	1.59
15.5	28.63	33.08	23.54	2.86
15.75	28.6	33.36	20.48	1.93
16	29.23	33.35	17.95	1.89
16.25	28.14	33.54	12.52	2.16
16.5	28.41	33.09	13.61	1.65
16.75	28.85	32.68	13.32	1.54
17	29.58	32.14	11.88	1.42
17.25	27.62	35.04	6.29	1.82
17.5	27.07	36.55	5.07	1.55
17.75	27.01	38.83	5.48	1.78
18	26.91	40.74	5.02	1.82
18.25	27.24	40.24	4.32	1.64
18.5	27.34	39.79	3.58	1.59
18.75	26.58	41.47	2.46	1.23
19	26.78	40.97	1.77	1.38
19.25	26.65	42.11	1.18	0.74
19.5	26.16	44.43	0.65	0.18
19.75	25.51	46.38	0.22	0.91
20	25.23	47.26	0	0.46
20.25	24.72	48.58	0	0.6
20.5	24.64	48.37	0	0.17
20.75	24.47	49.44	0	0.04
21	24.05	51.35	0	0
21.25	23.87	52.26	0	0.74
21.5	24	52.16	0	0.81
21.75	23.89	53.13	0	0.39
22	23.8	53.75	0	1.27
22.25	23.73	54.06	0	1.39
22.5	23.55	54.73	0	1.42
22.75	23.44	55.51	0	0.99
23	22.97	57.69	0	0.26
23.25	22.67	58.94	0	1.45
23.5	22.31	60.69	0	1.15
23.75	21.92	62.55	0	1.39
24	21.7	63.98	0	1.11
