0	10.43
0.166666667	7.22
0.333333333	6.18
0.5	6.12
0.666666667	8.9
0.833333333	9.29
1	7.97
1.166666667	7.66
1.333333333	7.11
1.5	6.83
1.666666667	6.85
1.833333333	9.58
2	9.07
2.166666667	9.49
2.333333333	9.82
2.5	12
2.666666667	9.81
2.833333333	7.43
3	6.47
3.166666667	5.85
3.333333333	5.69
3.5	5.64
3.666666667	5.53
3.833333333	5.57
4	5.59
4.166666667	6.34
4.333333333	6.91
4.5	6.76
4.666666667	6.3
4.833333333	6.66
5	7.31
5.166666667	7.16
5.333333333	6.79
5.5	6.48
5.666666667	6.29
5.833333333	6.06
6	6.62
6.166666667	7.23
6.333333333	9.12
6.5	11.8
6.666666667	13.83
6.833333333	15.3
7	13.96
7.166666667	12.47
7.333333333	11.14
7.5	9.85
7.666666667	8.46
7.833333333	7.75
8	7.32
8.166666667	7.29
8.333333333	7.06
8.5	6.27
8.666666667	5.82
8.833333333	5.84
9	5.72
9.166666667	5.24
9.333333333	5.16
9.5	5.14
9.666666667	4.75
9.833333333	4.68
10	4.72
10.16666667	5.53
10.33333333	6.65
10.5	4.57
10.66666667	4.51
10.83333333	4.42
11	4.37
11.16666667	4.41
11.33333333	15.55
11.5	7.47
11.66666667	12.72
11.83333333	4.56
12	4.53
12.16666667	4.45
12.33333333	4.56
12.5	5.76
12.66666667	6.11
12.83333333	7.52
13	8.97
13.16666667	12.56
13.33333333	9.07
13.5	16.03
13.66666667	11.18
13.83333333	7.15
14	6.46
14.16666667	6.92
14.33333333	7.37
14.5	18.33
14.66666667	13.81
14.83333333	8.54
15	7.65
15.16666667	8.3
15.33333333	8.16
15.5	6.78
15.66666667	6.59
15.83333333	6.94
16	7.55
16.16666667	12.26
16.33333333	15.99
16.5	10.03
16.66666667	6.62
16.83333333	7.59
17	9.57
17.16666667	7.53
17.33333333	7.42
17.5	7.36
17.66666667	7.44
17.83333333	7.97
18	8.31
18.16666667	8.32
18.33333333	8.57
18.5	10.37
18.66666667	10.43
18.83333333	9.26
19	8.68
19.16666667	8.55
19.33333333	7.36
19.5	5.58
19.66666667	4.89
19.83333333	4.61
20	4.51
20.16666667	4.38
20.33333333	4.44
20.5	4.42
20.66666667	4.45
20.83333333	4.28
21	4.33
21.16666667	4.48
21.33333333	4.5
21.5	4.41
21.66666667	4.48
21.83333333	4.38
22	4.51
22.16666667	4.57
22.33333333	4.53
22.5	4.51
22.66666667	4.4
22.83333333	7.99
23	10.46
23.16666667	22.79
23.33333333	27.17
23.5	21.94
23.66666667	27.94
23.83333333	21.02
24	13.28
