0	7.57
0.166666667	7.51
0.333333333	7.26
0.5	7.54
0.666666667	7.3
0.833333333	7.1
1	7.99
1.166666667	8.81
1.333333333	8.43
1.5	7.98
1.666666667	8.01
1.833333333	7.64
2	7.58
2.166666667	7.07
2.333333333	7.08
2.5	7.3
2.666666667	7.5
2.833333333	7.42
3	7.23
3.166666667	7.24
3.333333333	7.34
3.5	7.42
3.666666667	7.51
3.833333333	7.46
4	6.86
4.166666667	6.63
4.333333333	6.42
4.5	6.43
4.666666667	6.25
4.833333333	6.45
5	6.38
5.166666667	6.28
5.333333333	6.2
5.5	6.15
5.666666667	6.12
5.833333333	6.09
6	6.24
6.166666667	6.39
6.333333333	6.47
6.5	6.75
6.666666667	6.45
6.833333333	6.46
7	7.13
7.166666667	7.95
7.333333333	8.24
7.5	8.63
7.666666667	10.25
7.833333333	11.32
8	10.33
8.166666667	9.89
8.333333333	10.13
8.5	10.42
8.666666667	10.47
8.833333333	12.32
9	14.23
9.166666667	13.34
9.333333333	13.58
9.5	12.93
9.666666667	12.1
9.833333333	13.34
10	26.84
10.16666667	26.24
10.33333333	19.68
10.5	15.3
10.66666667	14.27
10.83333333	18.38
11	18.93
11.16666667	14.42
11.33333333	23.92
11.5	22.8
11.66666667	22.74
11.83333333	16.42
12	16.59
12.16666667	16.75
12.33333333	17.41
12.5	17.25
12.66666667	15.09
12.83333333	16.41
13	13.21
13.16666667	18.18
13.33333333	13.95
13.5	14.8
13.66666667	12.42
13.83333333	16
14	17
14.16666667	17.73
14.33333333	14.32
14.5	13.44
14.66666667	12.34
14.83333333	12.72
15	13
15.16666667	13.38
15.33333333	14.98
15.5	15.4
15.66666667	13.04
15.83333333	13.96
16	14.91
16.16666667	11.74
16.33333333	11.28
16.5	11.55
16.66666667	11.66
16.83333333	13.65
17	18.84
17.16666667	12.87
17.33333333	18.86
17.5	17.54
17.66666667	17.95
17.83333333	18.63
18	18.35
18.16666667	17.57
18.33333333	18.68
18.5	17.93
18.66666667	17.6
18.83333333	16.88
19	16.88
19.16666667	15.95
19.33333333	15.24
19.5	14.67
19.66666667	14.07
19.83333333	13.66
20	13.05
20.16666667	11.26
20.33333333	10.18
20.5	10.02
20.66666667	9.91
20.83333333	9.92
21	9.7
21.16666667	10.08
21.33333333	10.44
21.5	10.26
21.66666667	9.91
21.83333333	8.98
22	8.63
22.16666667	8.57
22.33333333	8.64
22.5	9.13
22.66666667	9.1
22.83333333	8.93
23	8.88
23.16666667	8.81
23.33333333	8.78
23.5	9.01
23.66666667	9.09
23.83333333	9.13
24	9.11
