0	4.09
0.166667	5.45
0.333333333	5.95
0.500000	5.55
0.666667	7.11
0.833333	8.37
1.000000	9.48
1.166667	9.14
1.333333	7.95
1.500000	6.13
1.666667	4.89
1.833333	4.33
2.000000	4.02
2.166667	3.4
2.333333	3.49
2.500000	3.75
2.666667	3.72
2.833333	3.33
3.000000	3.13
3.166667	2.83
3.333333	2.32
3.500000	2.2
3.666667	2.23
3.833333	2.04
4.000000	2.03
4.166667	2.01
4.333333	1.6
4.500000	1.37
4.666667	1.44
4.833333	1.25
5.000000	1.35
5.166667	1.05
5.333333	1.22
5.500000	1.45
5.666667	1.56
5.833333	1.56
6.000000	1.68
6.166667	2.16
6.333333	2.35
6.500000	2.58
6.666667	2.66
6.833333	2.74
7.000000	2.59
7.166667	2.92
7.333333	3.18
7.500000	3.01
7.666667	2.87
7.833333	3.22
8.000000	3.58
8.166667	3.58
8.333333	3.56
8.500000	3.78
8.666667	4.33
8.833333	6.03
9.000000	15.59
9.166667	31.23
9.333333	37.04
9.500000	34.67
9.666667	0
9.833333	34.93
10.000000	32.89
10.166667	24.89
10.333333	21.84
10.500000	20.79
10.666667	20.25
10.833333	18.58
11.000000	14.15
11.166667	12.5
11.333333	11.22
11.500000	10.35
11.666667	9.64
11.833333	8.3
12.000000	7.23
12.166667	6.64
12.333333	6.35
12.500000	6.02
12.666667	6.09
12.833333	6.05
13.000000	5.88
13.166667	5.81
13.333333	5.85
13.500000	6.02
13.666667	6
13.833333	6.34
14.000000	6.82
14.166667	7.92
14.333333	10.54
14.500000	13.43
14.666667	15.54
14.833333	16.97
15.000000	17.11
15.166667	23.17
15.333333	28.09
15.500000	32.18
15.666667	42.92
15.833333	48.96
16.000000	56.63
16.166667	59.18
16.333333	59.86
16.500000	56.44
16.666667	55.11
16.833333	54.91
17.000000	52.88
17.166667	48.62
17.333333	44.62
17.500000	40.46
17.666667	35.42
17.833333	39.62
18.000000	34.41
18.166667	23.88
18.333333	20.62
18.500000	19.59
18.666667	16.3
18.833333	12.97
19.000000	11.8
19.166667	12.73
19.333333	13.52
19.500000	11.67
19.666667	9.12
19.833333	8.43
20.000000	8.35
20.166667	7.36
20.333333	6.49
20.500000	6.16
20.666667	5.88
20.833333	5.6
21.000000	5.55
21.166667	5.52
21.333333	5.26
21.500000	4.96
21.666667	4.83
21.833333	4.79
22.000000	4.88
22.166667	5.15
22.333333	6.32
22.500000	9.33
22.666667	13.62
22.833333	19.87
23.000000	21.47
23.166667	23.41
23.333333	22.54
23.500000	23.8
23.666667	27.88
23.833333	33.94
24.000000	41.07
