0	4.41
0.166667	4.41
0.333333333	4.56
0.500000	4.56
0.666667	4.66
0.833333	4.73
1.000000	4.63
1.166667	4.7
1.333333	4.84
1.500000	4.8
1.666667	4.65
1.833333	4.59
2.000000	4.57
2.166667	4.49
2.333333	4.68
2.500000	4.79
2.666667	4.88
2.833333	6.03
3.000000	5.12
3.166667	4.59
3.333333	4.4
3.500000	4.41
3.666667	4.4
3.833333	4.26
4.000000	4.38
4.166667	4.45
4.333333	4.75
4.500000	5.34
4.666667	5.28
4.833333	4.75
5.000000	4.77
5.166667	5.69
5.333333	5.6
5.500000	5.71
5.666667	5.9
5.833333	6.24
6.000000	6.68
6.166667	6.21
6.333333	6.03
6.500000	6.1
6.666667	5.82
6.833333	5.57
7.000000	5.69
7.166667	6.15
7.333333	6.35
7.500000	6.28
7.666667	6.33
7.833333	6.19
8.000000	6.1
8.166667	5.87
8.333333	5.64
8.500000	5.48
8.666667	5.3
8.833333	5.23
9.000000	5.12
9.166667	5.16
9.333333	5.05
9.500000	4.96
9.666667	4.95
9.833333	4.95
10.000000	4.8
10.166667	4.86
10.333333	4.95
10.500000	4.88
10.666667	4.82
10.833333	5.07
11.000000	4.98
11.166667	5.11
11.333333	4.91
11.500000	4.75
11.666667	4.61
11.833333	4.75
12.000000	4.68
12.166667	4.88
12.333333	4.61
12.500000	4.65
12.666667	4.65
12.833333	4.68
13.000000	4.7
13.166667	4.59
13.333333	4.7
13.500000	4.63
13.666667	4.57
13.833333	4.49
14.000000	4.41
14.166667	4.47
14.333333	4.63
14.500000	6.49
14.666667	6.83
14.833333	4.98
15.000000	4.73
15.166667	4.75
15.333333	5.43
15.500000	8.37
15.666667	7.02
15.833333	5.85
16.000000	5.44
16.166667	5.55
16.333333	5.27
16.500000	5.66
16.666667	5.5
16.833333	5.55
17.000000	5.99
17.166667	5.69
17.333333	5.27
17.500000	5.14
17.666667	5.12
17.833333	5.12
18.000000	5.12
18.166667	5.09
18.333333	4.98
18.500000	5.02
18.666667	5.11
18.833333	4.95
19.000000	5.02
19.166667	5.07
19.333333	5.16
19.500000	5.07
19.666667	5.18
19.833333	5.35
20.000000	5.32
20.166667	5.21
20.333333	5.28
20.500000	5.3
20.666667	5.39
20.833333	5.3
21.000000	5.23
21.166667	5.21
21.333333	5.15
21.500000	5.28
21.666667	5.3
21.833333	5.5
22.000000	5.83
22.166667	5.86
22.333333	6.5
22.500000	7.25
22.666667	6.45
22.833333	6.81
23.000000	7.22
23.166667	6.72
23.333333	6.93
23.500000	7.98
23.666667	7.85
23.833333	8.37
24.000000	9.47