0	6.63
0.166667	6.95
0.333333333	9.07
0.500000	11.02
0.666667	10.61
0.833333	10.5
1.000000	9.53
1.166667	10.47
1.333333	12.16
1.500000	12.19
1.666667	13.94
1.833333	13.71
2.000000	16.18
2.166667	20.2
2.333333	21.58
2.500000	20.64
2.666667	15.29
2.833333	15.63
3.000000	18.54
3.166667	21.15
3.333333	21.21
3.500000	21.16
3.666667	21.29
3.833333	18.05
4.000000	15.98
4.166667	13.2
4.333333	13.11
4.500000	15.37
4.666667	15.88
4.833333	15.84
5.000000	15.81
5.166667	16.08
5.333333	15.17
5.500000	15.94
5.666667	16.34
5.833333	14.74
6.000000	13.94
6.166667	14.12
6.333333	14.59
6.500000	14.3
6.666667	13.93
6.833333	13.48
7.000000	13.33
7.166667	13.19
7.333333	12.93
7.500000	12.68
7.666667	12.9
7.833333	12.6
8.000000	14.02
8.166667	15.24
8.333333	15.01
8.500000	0
8.666667	0
8.833333	0
9.000000	0
9.166667	0
9.333333	0
9.500000	0
9.666667	0
9.833333	0
10.000000	0
10.166667	0
10.333333	0
10.500000	0
10.666667	0
10.833333	0
11.000000	0
11.166667	0
11.333333	24.76
11.500000	22.04
11.666667	20.24
11.833333	19.55
12.000000	18.01
12.166667	15.12
12.333333	12.49
12.500000	10.95
12.666667	10.86
12.833333	11.28
13.000000	12.28
13.166667	12.18
13.333333	12.35
13.500000	12.57
13.666667	12.24
13.833333	11.87
14.000000	12.23
14.166667	12.88
14.333333	12.7
14.500000	11.9
14.666667	10.87
14.833333	10.09
15.000000	9.47
15.166667	9.26
15.333333	9.25
15.500000	9.12
15.666667	8.51
15.833333	8.06
16.000000	7.77
16.166667	7.42
16.333333	7.3
16.500000	7.33
16.666667	7.46
16.833333	7.45
17.000000	7.34
17.166667	6.94
17.333333	6.9
17.500000	6.8
17.666667	6.73
17.833333	6.76
18.000000	6.62
18.166667	6.58
18.333333	6.65
18.500000	6.65
18.666667	6.83
18.833333	6.81
19.000000	7.02
19.166667	7.38
19.333333	7.97
19.500000	8.4
19.666667	8.71
19.833333	8.8
20.000000	9.6
20.166667	10.06
20.333333	10.25
20.500000	10.49
20.666667	10.76
20.833333	10.59
21.000000	10.44
21.166667	10.36
21.333333	10.29
21.500000	10.01
21.666667	10.18
21.833333	10.26
22.000000	10.35
22.166667	10.63
22.333333	10.69
22.500000	10.65
22.666667	10.46
22.833333	10.45
23.000000	10.61
23.166667	11.51
23.333333	12.96
23.500000	16.13
23.666667	20.3
23.833333	24.44
24.000000	26.84
