0	0
0.166667	0
0.333333333	0
0.500000	0
0.666667	0
0.833333	0
1.000000	0
1.166667	0
1.333333	0
1.500000	0
1.666667	0
1.833333	0
2.000000	0
2.166667	0
2.333333	0.07
2.500000	0.11
2.666667	0.2
2.833333	0.75
3.000000	0.85
3.166667	1.62
3.333333	2.6
3.500000	2.46
3.666667	2.2
3.833333	2.13
4.000000	1.89
4.166667	1.93
4.333333	1.67
4.500000	1.49
4.666667	1.17
4.833333	0.92
5.000000	0.73
5.166667	0.73
5.333333	0.5
5.500000	0.43
5.666667	0.71
5.833333	0.96
6.000000	1.12
6.166667	1.72
6.333333	1.83
6.500000	2.22
6.666667	2.32
6.833333	2.27
7.000000	2.05
7.166667	1.31
7.333333	1.65
7.500000	1.89
7.666667	2.76
7.833333	3.52
8.000000	4.37
8.166667	5.18
8.333333	5.89
8.500000	7.94
8.666667	11.83
8.833333	10.41
9.000000	13.32
9.166667	15.46
9.333333	10.72
9.500000	8.7
9.666667	9.86
9.833333	12.33
10.000000	18.38
10.166667	16.91
10.333333	22.26
10.500000	17.03
10.666667	15.53
10.833333	12.04
11.000000	12.41
11.166667	13.08
11.333333	25.44
11.500000	29.18
11.666667	34.16
11.833333	26.86
12.000000	21.8
12.166667	22.52
12.333333	19.69
12.500000	23.47
12.666667	18.51
12.833333	15.19
13.000000	14.48
13.166667	15.03
13.333333	16.18
13.500000	14.02
13.666667	16.2
13.833333	21.08
14.000000	6.21
14.166667	4.29
14.333333	3.98
14.500000	4.23
14.666667	11.74
14.833333	12.94
15.000000	9.37
15.166667	7.91
15.333333	10.34
15.500000	12.6
15.666667	5.8
15.833333	6.41
16.000000	33.26
16.166667	11.64
16.333333	8.35
16.500000	8.39
16.666667	19.57
16.833333	21.84
17.000000	21
17.166667	15.13
17.333333	18.22
17.500000	24.48
17.666667	23.94
17.833333	16.72
18.000000	19.9
18.166667	14.88
18.333333	15.69
18.500000	19.11
18.666667	14.93
18.833333	23.76
19.000000	17.91
19.166667	20.38
19.333333	24.13
19.500000	36.44
19.666667	52.66
19.833333	34.83
20.000000	33.58
20.166667	35.47
20.333333	48.99
20.500000	33.4
20.666667	18.73
20.833333	9.58
21.000000	5.66
21.166667	4.06
21.333333	3.9
21.500000	3.69
21.666667	3.56
21.833333	3.48
22.000000	3.42
22.166667	3.37
22.333333	3.38
22.500000	3.37
22.666667	3.19
22.833333	2.73
23.000000	2.69
23.166667	2.88
23.333333	3.18
23.500000	3.37
23.666667	3.09
23.833333	3.75
24.000000	3.7
