0	11.59
0.166667	10.98
0.333333333	10.18
0.500000	8.62
0.666667	10.26
0.833333	11.07
1.000000	9.52
1.166667	8.69
1.333333	7.9
1.500000	6.6
1.666667	5.83
1.833333	5.16
2.000000	4.55
2.166667	4.33
2.333333	4.57
2.500000	5.01
2.666667	5.47
2.833333	6.3
3.000000	7.5
3.166667	9.21
3.333333	11.47
3.500000	12.34
3.666667	12.61
3.833333	12.23
4.000000	11.07
4.166667	10.29
4.333333	9.63
4.500000	9.09
4.666667	8.4
4.833333	8.07
5.000000	8.01
5.166667	7.43
5.333333	7.23
5.500000	7.66
5.666667	7.66
5.833333	8.12
6.000000	8.42
6.166667	7.56
6.333333	7.51
6.500000	7.82
6.666667	8.7
6.833333	9.7
7.000000	10.21
7.166667	10.92
7.333333	11.41
7.500000	11.59
7.666667	11.98
7.833333	12.34
8.000000	12.75
8.166667	11.63
8.333333	10.77
8.500000	9.63
8.666667	9.22
8.833333	8.51
9.000000	7.82
9.166667	7.41
9.333333	7.22
9.500000	6.97
9.666667	6.76
9.833333	6.96
10.000000	6.82
10.166667	7.3
10.333333	6.85
10.500000	7.24
10.666667	6.32
10.833333	6.46
11.000000	6.01
11.166667	5.91
11.333333	5.06
11.500000	4.91
11.666667	4.79
11.833333	4.79
12.000000	5.02
12.166667	5.12
12.333333	5.1
12.500000	5.24
12.666667	5.34
12.833333	5.77
13.000000	6.21
13.166667	6.67
13.333333	6.27
13.500000	5.53
13.666667	5.67
13.833333	5.36
14.000000	5.58
14.166667	5.88
14.333333	6.4
14.500000	7.38
14.666667	8.46
14.833333	8.67
15.000000	8.73
15.166667	9.03
15.333333	11.84
15.500000	10.44
15.666667	11.25
15.833333	13.9
16.000000	11.49
16.166667	11.66
16.333333	14.33
16.500000	17.28
16.666667	17.87
16.833333	13.94
17.000000	11.36
17.166667	13.44
17.333333	14.83
17.500000	16.67
17.666667	18.79
17.833333	21.37
18.000000	21.51
18.166667	33.1
18.333333	35.25
18.500000	35.82
18.666667	33.51
18.833333	31.84
19.000000	27.62
19.166667	28.61
19.333333	30.87
19.500000	33.09
19.666667	34.82
19.833333	36.26
20.000000	35.79
20.166667	29.33
20.333333	24.18
20.500000	20.25
20.666667	17.04
20.833333	13.25
21.000000	10.45
21.166667	9.93
21.333333	9.72
21.500000	8.49
21.666667	7.52
21.833333	6.89
22.000000	6.19
22.166667	5.89
22.333333	5.62
22.500000	5.27
22.666667	5.01
22.833333	4.85
23.000000	4.78
23.166667	4.66
23.333333	4.54
23.500000	4.28
23.666667	4.05
23.833333	4.05
24.000000	3.97
