0	3.55
0.166666667	3.25
0.333333333	2.88
0.5	2.19
0.666666667	2.38
0.833333333	2.63
1	2.44
1.166666667	2.14
1.333333333	1.71
1.5	2.08
1.666666667	2.28
1.833333333	2.23
2	2.01
2.166666667	1.80
2.333333333	2.14
2.5	1.91
2.666666667	1.85
2.833333333	1.43
3	1.62
3.166666667	1.30
3.333333333	1.17
3.5	1.08
3.666666667	1.10
3.833333333	1.17
4	0.92
4.166666667	0.72
4.333333333	0.75
4.5	1.04
4.666666667	0.97
4.833333333	0.78
5	0.63
5.166666667	0.66
5.333333333	0.64
5.5	0.60
5.666666667	0.52
5.833333333	0.54
6	0.59
6.166666667	0.67
6.333333333	0.63
6.5	0.78
6.666666667	1.16
6.833333333	1.21
7	1.17
7.166666667	1.53
7.333333333	1.91
7.5	2.25
7.666666667	2.25
7.833333333	2.33
8	2.55
8.166666667	2.75
8.333333333	2.74
8.5	3.14
8.666666667	3.43
8.833333333	3.70
9	3.69
9.166666667	3.19
9.333333333	3.15
9.5	3.14
9.666666667	3.69
9.833333333	3.50
10	3.26
10.16666667	3.19
10.33333333	3.41
10.5	3.62
10.66666667	3.57
10.83333333	3.23
11	10.62
11.16666667	25.62
11.33333333	80.89
11.5	105.11
11.66666667	156.41
11.83333333	107.44
12	76.89
12.16666667	111.29
12.33333333	111.44
12.5	73.12
12.66666667	59.91
12.83333333	50.93
13	47.35
13.16666667	28.94
13.33333333	31.47
13.5	25.80
13.66666667	31.21
13.83333333	35.13
14	18.11
14.16666667	17.75
14.33333333	13.19
14.5	9.59
14.66666667	13.34
14.83333333	8.91
15	10.18
15.16666667	14.58
15.33333333	12.41
15.5	11.11
15.66666667	6.34
15.83333333	8.17
16	8.50
16.16666667	10.26
16.33333333	8.86
16.5	9.99
16.66666667	8.23
16.83333333	10.48
17	15.11
17.16666667	12.35
17.33333333	17.13
17.5	20.45
17.66666667	21.36
17.83333333	23.70
18	19.87
18.16666667	19.81
18.33333333	20.56
18.5	21.90
18.66666667	22.74
18.83333333	22.03
19	22.24
19.16666667	23.89
19.33333333	23.69
19.5	21.91
19.66666667	19.72
19.83333333	18.51
20	16.75
20.16666667	13.93
20.33333333	11.52
20.5	10.23
20.66666667	9.90
20.83333333	10.37
21	9.94
21.16666667	10.77
21.33333333	10.95
21.5	10.01
21.66666667	9.93
21.83333333	8.37
22	7.05
22.16666667	7.38
22.33333333	6.86
22.5	6.56
22.66666667	7.27
22.83333333	6.52
23	5.88
23.16666667	5.89
23.33333333	5.77
23.5	5.48
23.66666667	12.11
23.83333333	25.09
24	25.09
