0	4.57
0.166667	4.92
0.333333333	5.09
0.500000	5.08
0.666667	5.14
0.833333	5.23
1.000000	5.62
1.166667	6.08
1.333333	6.36
1.500000	6.24
1.666667	5.9
1.833333	5.63
2.000000	5.39
2.166667	5.31
2.333333	5.14
2.500000	5.19
2.666667	5.53
2.833333	5.52
3.000000	5.11
3.166667	5.03
3.333333	5.17
3.500000	5.46
3.666667	5.85
3.833333	5.95
4.000000	6.01
4.166667	6.39
4.333333	7.11
4.500000	9.14
4.666667	12.18
4.833333	11.78
5.000000	10.73
5.166667	9.45
5.333333	8.93
5.500000	8.53
5.666667	8.16
5.833333	10.14
6.000000	13.61
6.166667	13.94
6.333333	14.81
6.500000	16.44
6.666667	15.4
6.833333	12.95
7.000000	9.69
7.166667	8.51
7.333333	7.8
7.500000	6.77
7.666667	8.08
7.833333	10.86
8.000000	13.14
8.166667	15.21
8.333333	17.17
8.500000	17.62
8.666667	18.12
8.833333	22.68
9.000000	22.72
9.166667	22.75
9.333333	22.9
9.500000	21.89
9.666667	20.5
9.833333	20.04
10.000000	19.19
10.166667	19.33
10.333333	19.17
10.500000	20.07
10.666667	22.59
10.833333	24.56
11.000000	24.21
11.166667	22.22
11.333333	20.82
11.500000	21.03
11.666667	20.03
11.833333	20.05
12.000000	18.87
12.166667	18.13
12.333333	17.87
12.500000	16.58
12.666667	17.52
12.833333	18.35
13.000000	18.08
13.166667	17.21
13.333333	16.97
13.500000	19.06
13.666667	20
13.833333	21.12
14.000000	20.77
14.166667	22.67
14.333333	23.85
14.500000	23.9
14.666667	24.32
14.833333	25.07
15.000000	26.16
15.166667	30.04
15.333333	28.81
15.500000	27.13
15.666667	26.53
15.833333	26.35
16.000000	24.33
16.166667	32.77
16.333333	38.93
16.500000	36.26
16.666667	22.02
16.833333	12.67
17.000000	9.67
17.166667	8.42
17.333333	6.99
17.500000	6.8
17.666667	6.76
17.833333	6.37
18.000000	6.33
18.166667	6.63
18.333333	6.62
18.500000	7.07
18.666667	8.31
18.833333	10.12
19.000000	11.52
19.166667	12.15
19.333333	12.08
19.500000	12.1
19.666667	11.88
19.833333	10.43
20.000000	9.71
20.166667	9.35
20.333333	8.58
20.500000	8.02
20.666667	8.92
20.833333	9.21
21.000000	9.14
21.166667	9.17
21.333333	9.13
21.500000	9.18
21.666667	9.44
21.833333	10.57
22.000000	12.57
22.166667	12.72
22.333333	12.71
22.500000	12.3
22.666667	12
22.833333	11.92
23.000000	11.79
23.166667	11.29
23.333333	11.99
23.500000	13.9
23.666667	14.86
23.833333	15.17
24.000000	17.57
