0	3.56
0.166667	3.63
0.333333333	5.43
0.500000	6.24
0.666667	6.86
0.833333	7.42
1.000000	6.84
1.166667	5.06
1.333333	4.35
1.500000	4
1.666667	3.6
1.833333	3.51
2.000000	3.33
2.166667	3.15
2.333333	3.15
2.500000	2.85
2.666667	3.08
2.833333	3.23
3.000000	3
3.166667	2.8
3.333333	2.8
3.500000	2.8
3.666667	2.8
3.833333	3.17
4.000000	3.71
4.166667	4.99
4.333333	9.54
4.500000	12.27
4.666667	16.19
4.833333	18.66
5.000000	19.34
5.166667	18.98
5.333333	18.81
5.500000	18.74
5.666667	19.35
5.833333	19.35
6.000000	19.46
6.166667	19.22
6.333333	19.47
6.500000	19.85
6.666667	19.96
6.833333	20.08
7.000000	20.6
7.166667	22.1
7.333333	22.74
7.500000	24.05
7.666667	24.98
7.833333	29.5
8.000000	35.37
8.166667	50.96
8.333333	50.92
8.500000	43.04
8.666667	34.42
8.833333	29.25
9.000000	29.63
9.166667	26.08
9.333333	24.59
9.500000	18.91
9.666667	17.62
9.833333	16.1
10.000000	15.82
10.166667	18.98
10.333333	23.54
10.500000	18.01
10.666667	14.24
10.833333	12.37
11.000000	9.35
11.166667	7.71
11.333333	7.12
11.500000	7.68
11.666667	8.19
11.833333	7.37
12.000000	6.99
12.166667	6.11
12.333333	4.91
12.500000	3.91
12.666667	3.16
12.833333	3.3
13.000000	3.49
13.166667	3.3
13.333333	5.47
13.500000	4.9
13.666667	7
13.833333	4.46
14.000000	0.98
14.166667	1.87
14.333333	0.9
14.500000	0.91
14.666667	1.26
14.833333	3.14
15.000000	4.41
15.166667	4.75
15.333333	5.32
15.500000	6.57
15.666667	5.6
15.833333	2.99
16.000000	2.52
16.166667	2.23
16.333333	2.83
16.500000	2.74
16.666667	3.43
16.833333	4.32
17.000000	5.43
17.166667	7.76
17.333333	11.49
17.500000	10.74
17.666667	9.93
17.833333	10.06
18.000000	11.19
18.166667	9.6
18.333333	9.99
18.500000	8.16
18.666667	5.98
18.833333	7.29
19.000000	7.83
19.166667	6.62
19.333333	5.24
19.500000	4.65
19.666667	4.06
19.833333	4.36
20.000000	4.24
20.166667	3.33
20.333333	3.28
20.500000	3.42
20.666667	3.46
20.833333	3.82
21.000000	3.5
21.166667	3.09
21.333333	3.29
21.500000	3.68
21.666667	3.39
21.833333	2.16
22.000000	1.57
22.166667	1.25
22.333333	1.1
22.500000	0.94
22.666667	0.86
22.833333	1
23.000000	0.96
23.166667	0.97
23.333333	0.91
23.500000	0.99
23.666667	1.27
23.833333	1.91
24.000000	1.86
