0	2.99910241
0.166666667	3.264746245
0.333333333	3.04016328
0.5	3.111758916
0.666666667	3.316124008
0.833333333	3.244736916
1	2.948663243
1.166666667	3.06111087
1.333333333	2.744611583
1.5	2.908124265
1.666666667	2.857163607
1.833333333	2.581516958
2	2.489704549
2.166666667	2.377466257
2.333333333	2.101820322
2.5	1.815961708
2.666666667	1.744575866
2.833333333	1.550634477
3	1.612017378
3.166666667	1.275094869
3.333333333	1.428394421
3.5	1.336583093
3.666666667	1.163068338
3.833333333	1.152960737
4	1.020297992
4.166666667	0.989764632
4.333333333	0.969444224
4.5	0.867420534
4.666666667	0.939016382
4.833333333	1.082102463
5	1.11284653
5.166666667	0.949545643
5.333333333	1.021141289
5.5	1.011033822
5.666666667	0.766030266
5.833333333	0.858051633
6	1.113478702
6.166666667	1.16464835
6.333333333	1.205605091
6.5	1.154646172
6.666666667	1.297731278
6.833333333	1.696137099
7	1.890285899
7.166666667	1.665708716
7.333333333	1.941559867
7.5	2.227623528
7.666666667	2.176664248
7.833333333	2.17676903
8	2.687513603
8.166666667	3.841663405
8.333333333	4.87325853
8.5	6.139746449
8.666666667	14.48368504
8.833333333	24.00208283
9	35.21578878
9.166666667	47.22607751
9.333333333	54.66104059
9.5	41.87475917
9.666666667	35.85953838
9.833333333	33.30644115
10	46.74648019
10.16666667	50.25973747
10.33333333	49.72875468
10.5	34.84891184
10.66666667	32.30603484
10.83333333	35.03291435
11	35.82959144
11.16666667	29.91653041
11.33333333	21.00094664
11.5	12.12622333
11.66666667	10.89058922
11.83333333	10.20644052
12	9.68569516
12.16666667	9.277289587
12.33333333	7.275710926
12.5	7.949847514
12.66666667	8.950787837
12.83333333	8.532170923
13	6.765487497
13.16666667	7.633662729
13.33333333	7.194621986
13.5	7.746205069
13.66666667	7.919921118
13.83333333	9.31914906
14	7.164392378
14.16666667	6.72535309
14.33333333	6.470140792
14.5	6.255779086
14.66666667	7.123950332
14.83333333	5.775993542
15	3.406782059
15.16666667	3.703050298
15.33333333	3.549965992
15.5	4.030059638
15.66666667	4.019950872
15.83333333	3.141776746
16	2.906992856
16.16666667	3.203260398
16.33333333	2.999114282
16.5	3.285168939
16.66666667	3.213785577
16.83333333	3.601964808
17	3.561218837
17.16666667	3.888122519
17.33333333	4.409063033
17.5	4.623628638
17.66666667	4.531819836
17.83333333	4.440011134
18	4.266502842
18.16666667	4.511705424
18.33333333	4.879457139
18.5	4.981684895
18.66666667	4.644777663
18.83333333	4.920616803
19	4.900295236
19.16666667	4.696150089
19.33333333	4.706465917
19.5	4.420621811
19.66666667	4.073503584
19.83333333	3.981695735
20	4.012436719
20.16666667	4.03296528
20.33333333	3.634786107
20.5	3.348943524
20.66666667	3.440959019
20.83333333	3.829133042
21	3.849661648
21.16666667	3.747641968
21.33333333	3.451587754
21.5	3.911247333
21.66666667	3.676467385
21.83333333	3.911455013
22	3.697099976
22.16666667	3.431683564
22.33333333	3.595184727
22.5	4.167178141
22.66666667	4.116220316
22.83333333	3.779318157
23	3.585388483
23.16666667	3.432308175
23.33333333	3.197529771
23.5	2.819779741
23.66666667	2.727973733
23.83333333	2.615743292
24	2.615743292
