0	2.18
0.166667	1.29
0.333333333	0.77
0.500000	0.91
0.666667	0.48
0.833333	0.13
1.000000	0
1.166667	0
1.333333	0
1.500000	0
1.666667	0
1.833333	1.02
2.000000	1.58
2.166667	1.49
2.333333	0.81
2.500000	0.36
2.666667	0.3
2.833333	0.76
3.000000	2.04
3.166667	0.87
3.333333	0
3.500000	0
3.666667	0
3.833333	0
4.000000	0
4.166667	0
4.333333	0
4.500000	0
4.666667	0
4.833333	0
5.000000	0
5.166667	0
5.333333	0
5.500000	0
5.666667	0
5.833333	0
6.000000	0
6.166667	0
6.333333	0
6.500000	0
6.666667	0
6.833333	0
7.000000	0
7.166667	0
7.333333	0
7.500000	0
7.666667	1.44
7.833333	5.22
8.000000	1.79
8.166667	0.7
8.333333	0.19
8.500000	0
8.666667	0
8.833333	0
9.000000	0
9.166667	0
9.333333	0
9.500000	1.15
9.666667	1.04
9.833333	1.4
10.000000	2.09
10.166667	1.56
10.333333	1.2
10.500000	0.57
10.666667	1.08
10.833333	0.81
11.000000	0.46
11.166667	0.52
11.333333	0.83
11.500000	0.91
11.666667	0.91
11.833333	1.03
12.000000	0
12.166667	0.29
12.333333	0
12.500000	0
12.666667	0.19
12.833333	0
13.000000	0
13.166667	1.29
13.333333	0.21
13.500000	0
13.666667	0
13.833333	0
14.000000	0
14.166667	0
14.333333	0
14.500000	0
14.666667	0
14.833333	0
15.000000	0
15.166667	0
15.333333	0
15.500000	0
15.666667	0
15.833333	0
16.000000	0
16.166667	0
16.333333	0
16.500000	0
16.666667	0
16.833333	0
17.000000	0
17.166667	0
17.333333	0
17.500000	0
17.666667	0
17.833333	0
18.000000	0
18.166667	0
18.333333	0
18.500000	0
18.666667	0
18.833333	0
19.000000	0
19.166667	0
19.333333	4.47
19.500000	5.41
19.666667	5.13
19.833333	4.72
20.000000	4.35
20.166667	4.49
20.333333	4.17
20.500000	4.06
20.666667	3.86
20.833333	3.76
21.000000	3.71
21.166667	3.71
21.333333	3.76
21.500000	3.74
21.666667	3.66
21.833333	3.66
22.000000	3.66
22.166667	3.63
22.333333	3.71
22.500000	4.19
22.666667	6.73
22.833333	6.81
23.000000	5.94
23.166667	6.82
23.333333	7.37
23.500000	7.81
23.666667	6.31
23.833333	5.81
24.000000	5.71