0	17.08
0.166667	21.4
0.333333333	21.99
0.500000	22.77
0.666667	23.67
0.833333	22.8
1.000000	22.8
1.166667	21.44
1.333333	20.06
1.500000	21.12
1.666667	22.52
1.833333	25.29
2.000000	25.85
2.166667	25.96
2.333333	25.89
2.500000	25.68
2.666667	25.5
2.833333	26.01
3.000000	25.16
3.166667	23.37
3.333333	21.42
3.500000	19.98
3.666667	18.73
3.833333	17.41
4.000000	15.53
4.166667	14.31
4.333333	13.55
4.500000	12.73
4.666667	12.24
4.833333	11.9
5.000000	11.61
5.166667	11.51
5.333333	11.33
5.500000	11.12
5.666667	11.49
5.833333	13.83
6.000000	16.08
6.166667	23.89
6.333333	24.97
6.500000	20.92
6.666667	19.13
6.833333	19.06
7.000000	19.61
7.166667	19.43
7.333333	18.92
7.500000	17.08
7.666667	15.92
7.833333	15.99
8.000000	16.03
8.166667	16.26
8.333333	16.88
8.500000	17.57
8.666667	19.02
8.833333	19.91
9.000000	20.49
9.166667	21.01
9.333333	0
9.500000	20.68
9.666667	25.39
9.833333	31.69
10.000000	35.78
10.166667	38.36
10.333333	39.85
10.500000	40.96
10.666667	41
10.833333	39.97
11.000000	43.25
11.166667	50.81
11.333333	51.71
11.500000	47.21
11.666667	36.74
11.833333	20.82
12.000000	16.4
12.166667	14.15
12.333333	13.83
12.500000	13.49
12.666667	13.07
12.833333	11.99
13.000000	35.38
13.166667	13.62
13.333333	12.24
13.500000	10.91
13.666667	10.43
13.833333	10.12
14.000000	9.7
14.166667	8.19
14.333333	7.06
14.500000	6.9
14.666667	6.92
14.833333	6.72
15.000000	6.28
15.166667	6.13
15.333333	6.1
15.500000	6.06
15.666667	6.26
15.833333	6.54
16.000000	6.49
16.166667	6.52
16.333333	6.79
16.500000	6.92
16.666667	6.9
16.833333	6.9
17.000000	6.97
17.166667	6.9
17.333333	6.67
17.500000	6.92
17.666667	6.76
17.833333	7.62
18.000000	8.6
18.166667	8.44
18.333333	7.96
18.500000	8.1
18.666667	8.48
18.833333	7.64
19.000000	6.97
19.166667	6.81
19.333333	6.97
19.500000	7.23
19.666667	7.52
19.833333	7.64
20.000000	7.54
20.166667	7.29
20.333333	7.34
20.500000	7.18
20.666667	7.04
20.833333	6.72
21.000000	6.74
21.166667	6.33
21.333333	5.83
21.500000	5.5
21.666667	5.43
21.833333	5.35
22.000000	5.5
22.166667	5.69
22.333333	5.71
22.500000	5.48
22.666667	5.37
22.833333	5.46
23.000000	5.69
23.166667	7.84
23.333333	10.04
23.500000	11.08
23.666667	11.65
23.833333	11.86
24.000000	12.52